0.000010 0.096853 0.021986 0.881141 0.000010
0.000010 0.000010 0.000010 0.917341 0.082629
0.000010 0.163603 0.000010 0.836366 0.000010
0.000011 0.088246 0.000010 0.911722 0.000010
0.000010 0.000010 0.000010 0.999960 0.000010
0.000010 0.000010 0.000010 0.999960 0.000010
0.000010 0.188873 0.000010 0.811097 0.000010
0.000010 0.044293 0.000010 0.687871 0.267817
0.000010 0.227464 0.000010 0.772506 0.000010
0.000011 0.000010 0.000010 0.999959 0.000010
0.000010 0.052316 0.000010 0.947654 0.000010
0.000010 0.000010 0.000010 0.999960 0.000010
0.000010 0.000010 0.000010 0.975638 0.024332
0.000010 0.000010 0.001463 0.912976 0.085542
0.000015 0.146782 0.000010 0.847353 0.005839
0.000010 0.112860 0.020556 0.775411 0.091163
0.000010 0.229861 0.000010 0.770109 0.000010
0.000010 0.170287 0.000010 0.716827 0.112866
0.000010 0.146690 0.000010 0.852766 0.000524
0.000010 0.000010 0.000010 0.777046 0.222924
0.000010 0.052287 0.000010 0.804681 0.143012
0.000010 0.148867 0.000010 0.851103 0.000010
0.000011 0.000010 0.000010 0.999959 0.000010
0.000010 0.060318 0.000010 0.939652 0.000010
0.000011 0.000010 0.000010 0.999959 0.000010
0.000010 0.047637 0.010295 0.890104 0.051953
0.000010 0.043639 0.000010 0.956331 0.000010
0.000010 0.158999 0.000010 0.840971 0.000010
0.000010 0.060882 0.000010 0.939088 0.000010
0.000010 0.078187 0.000010 0.921783 0.000010
0.000010 0.098034 0.000010 0.901936 0.000010
0.000010 0.110821 0.000010 0.889149 0.000010
0.000010 0.044183 0.000010 0.955787 0.000010
0.000010 0.110875 0.000010 0.889095 0.000010
0.000010 0.139483 0.000010 0.860487 0.000010
0.000010 0.022594 0.000010 0.977376 0.000010
0.000010 0.089478 0.000010 0.910492 0.000010
0.000010 0.058148 0.000010 0.941822 0.000010
0.000010 0.110139 0.000010 0.889831 0.000010
0.000010 0.999211 0.000010 0.000010 0.000759
0.000010 0.923761 0.000010 0.000010 0.076209
0.000010 0.987566 0.000010 0.000010 0.012404
0.000010 0.933607 0.000010 0.011241 0.055132
0.000010 0.867677 0.000010 0.094014 0.038288
0.000010 0.967208 0.000010 0.000010 0.032762
0.000010 0.934348 0.000010 0.000010 0.065622
0.000010 0.957725 0.000010 0.000010 0.042245
0.000010 0.836436 0.000010 0.000010 0.163534
0.000010 0.929202 0.000010 0.000010 0.070768
0.000010 0.932691 0.000010 0.000010 0.067279
0.000010 0.999960 0.000010 0.000010 0.000010
0.000010 0.999960 0.000010 0.000010 0.000010
0.000010 0.893882 0.000010 0.000010 0.106088
0.000010 0.833768 0.000010 0.039122 0.127089
0.000010 0.999960 0.000010 0.000010 0.000010
0.000010 0.857566 0.000010 0.014231 0.128183
0.000010 0.787666 0.000010 0.163496 0.048819
0.000010 0.999960 0.000010 0.000010 0.000010
0.000010 0.915564 0.000010 0.000859 0.083556
0.000010 0.880106 0.000010 0.000010 0.119864
0.132339 0.770607 0.000010 0.008880 0.088164
0.000010 0.999960 0.000010 0.000010 0.000010
0.000010 0.969938 0.000010 0.000010 0.030032
0.000010 0.999960 0.000010 0.000010 0.000010
0.000010 0.999960 0.000010 0.000010 0.000010
0.000010 0.999960 0.000010 0.000010 0.000010
0.000010 0.999960 0.000010 0.000010 0.000010
0.000010 0.999960 0.000010 0.000010 0.000010
0.000010 0.999960 0.000010 0.000010 0.000010
0.000010 0.999952 0.000010 0.000018 0.000010
0.000010 0.999960 0.000010 0.000010 0.000010
0.000010 0.999960 0.000010 0.000010 0.000010
0.000010 0.999960 0.000010 0.000010 0.000010
0.000010 0.999960 0.000010 0.000010 0.000010
0.000010 0.999960 0.000010 0.000010 0.000010
0.000010 0.999960 0.000010 0.000010 0.000010
0.000010 0.999960 0.000010 0.000010 0.000010
0.000010 0.999960 0.000010 0.000010 0.000010
0.000010 0.999960 0.000010 0.000010 0.000010
0.000010 0.999960 0.000010 0.000010 0.000010
0.000010 0.999960 0.000010 0.000010 0.000010
0.000010 0.999960 0.000010 0.000010 0.000010
0.000010 0.999960 0.000010 0.000010 0.000010
0.000010 0.999960 0.000010 0.000010 0.000010
0.000010 0.999960 0.000010 0.000010 0.000010
0.000010 0.999960 0.000010 0.000010 0.000010
0.000010 0.999960 0.000010 0.000010 0.000010
0.000010 0.999960 0.000010 0.000010 0.000010
0.000010 0.030301 0.113574 0.102039 0.754077
0.076073 0.070486 0.146393 0.104710 0.602338
0.000010 0.017587 0.107996 0.081175 0.793231
0.061643 0.046106 0.120708 0.077649 0.693894
0.056779 0.010056 0.144844 0.129941 0.658380
0.000010 0.006164 0.115259 0.085661 0.792906
0.000010 0.069640 0.115057 0.075670 0.739623
0.000010 0.009835 0.038801 0.056667 0.894687
0.000010 0.015692 0.069719 0.092289 0.822291
0.000010 0.038969 0.140188 0.153278 0.667555
0.000010 0.060984 0.083165 0.034511 0.821330
0.000010 0.026154 0.103042 0.065241 0.805553
0.000010 0.033321 0.073022 0.020701 0.872947
0.000010 0.081747 0.153036 0.054097 0.711110
0.000010 0.034023 0.075618 0.016212 0.874137
0.000010 0.088534 0.126780 0.117279 0.667397
0.000010 0.022477 0.114005 0.053903 0.809604
0.000010 0.053923 0.152233 0.080596 0.713237
0.134171 0.035448 0.107852 0.081838 0.640691
0.077861 0.044774 0.183962 0.125053 0.568350
0.156627 0.047314 0.093630 0.112303 0.590127
0.000010 0.072757 0.089875 0.083719 0.753639
0.000010 0.051466 0.164382 0.033980 0.750163
0.051902 0.017046 0.108190 0.129160 0.693702
0.000010 0.079633 0.120889 0.018637 0.780831
0.000010 0.051528 0.089137 0.079218 0.780107
0.239496 0.030977 0.143401 0.092560 0.493565
0.063675 0.011855 0.150908 0.096921 0.676641
0.000010 0.008228 0.096032 0.110247 0.785483
0.000010 0.046549 0.123521 0.078583 0.751337
0.000010 0.041326 0.123208 0.096021 0.739434
0.000010 0.038979 0.069266 0.099871 0.791875
0.000010 0.040283 0.114098 0.073184 0.772425
0.000010 0.029257 0.105948 0.115548 0.749238
0.053582 0.000010 0.045313 0.042263 0.858832
0.100171 0.042697 0.113525 0.123907 0.619700
0.000010 0.037214 0.199278 0.072812 0.690686
0.000010 0.041235 0.125261 0.150274 0.683219
0.106065 0.038579 0.133008 0.105218 0.617130
0.000010 0.013687 0.126524 0.130660 0.729119
0.068598 0.020597 0.067502 0.094728 0.748576
0.000010 0.058387 0.167019 0.120511 0.654073
0.117630 0.047401 0.094094 0.062706 0.678169
0.060014 0.041958 0.112011 0.086368 0.699648
0.181055 0.048801 0.088191 0.062069 0.619884
0.000010 0.063483 0.172117 0.047664 0.716725
0.000010 0.093166 0.153967 0.029816 0.723041
0.000010 0.080809 0.128942 0.052307 0.737932
0.000010 0.051949 0.122544 0.066465 0.759033
0.000010 0.032346 0.187613 0.127012 0.653019
0.077604 0.019216 0.131064 0.093518 0.678598
0.000010 0.046924 0.115109 0.058328 0.779629
0.000010 0.000699 0.107543 0.071081 0.820667
0.133719 0.040312 0.122160 0.065960 0.637850
0.561331 0.033369 0.086308 0.028857 0.290135
0.000010 0.053058 0.156947 0.078908 0.711077
0.045604 0.053825 0.100881 0.085974 0.713716
0.000010 0.005337 0.000010 0.054855 0.939788
0.000010 0.050713 0.000010 0.228437 0.720830
0.060136 0.017052 0.000010 0.078270 0.844531
0.000010 0.089042 0.052236 0.212291 0.646421
0.000010 0.069198 0.091885 0.148662 0.690245
0.091426 0.104412 0.055610 0.180031 0.568521
0.053594 0.079569 0.044330 0.165661 0.656845
0.054717 0.055883 0.000010 0.180253 0.709136
0.028406 0.048401 0.035928 0.185162 0.702103
0.012321 0.015683 0.000010 0.132912 0.839073
0.062434 0.107558 0.073067 0.104950 0.651990
0.053441 0.073713 0.048142 0.187825 0.636879
0.021819 0.105175 0.000010 0.226564 0.646433
0.175548 0.103441 0.000010 0.189741 0.531260
0.022449 0.091157 0.017812 0.163792 0.704789
0.160629 0.158174 0.026798 0.200558 0.453842
0.042159 0.069956 0.000010 0.183240 0.704635
0.059918 0.149108 0.053621 0.275298 0.462054
0.053953 0.050112 0.173723 0.097816 0.624397
0.000010 0.029070 0.135413 0.118752 0.716755
0.000010 0.038168 0.131891 0.070403 0.759528
0.132616 0.034576 0.117812 0.090744 0.624253
0.000010 0.009281 0.044963 0.040877 0.904869
0.000010 0.038426 0.158343 0.114026 0.689195
0.121640 0.063842 0.077466 0.076724 0.660328
0.000010 0.023159 0.080309 0.024930 0.871592
0.000010 0.015960 0.089299 0.097393 0.797338
0.000010 0.061267 0.119912 0.090137 0.728674
0.000010 0.065938 0.101715 0.118250 0.714087
0.066046 0.067845 0.083326 0.079845 0.702937
0.000010 0.034109 0.150452 0.114901 0.700528
0.107029 0.057497 0.105409 0.167299 0.562767
0.128305 0.067996 0.125813 0.134481 0.543405
0.051605 0.086556 0.144025 0.123708 0.594107
0.000010 0.052678 0.132444 0.139621 0.675246
0.000010 0.071472 0.092233 0.053430 0.782855
0.080964 0.045529 0.135217 0.092349 0.645940
0.000010 0.027146 0.067637 0.050261 0.854946
0.000010 0.059553 0.133233 0.054173 0.753031
0.000010 0.000010 0.158379 0.102662 0.738939
0.620826 0.067826 0.079988 0.000010 0.231351
0.476240 0.001658 0.035820 0.073103 0.413180
0.082934 0.032424 0.151622 0.121616 0.611404
0.000010 0.032438 0.146904 0.076886 0.743762
0.058808 0.138619 0.018806 0.156909 0.626858
0.000010 0.053916 0.024377 0.203055 0.718642
0.044061 0.053057 0.000010 0.173038 0.729834
0.150516 0.083961 0.015959 0.198263 0.551301
0.000010 0.000010 0.000010 0.169225 0.830745
0.000010 0.095836 0.014475 0.194847 0.694831
0.000010 0.045802 0.021653 0.067451 0.865084
0.112854 0.145314 0.017777 0.150876 0.573179
0.046706 0.095967 0.029899 0.157142 0.670286
0.061520 0.065982 0.012231 0.169695 0.690572
0.183423 0.100312 0.000010 0.207558 0.508697
0.000010 0.000010 0.000010 0.037788 0.962182
0.000010 0.116321 0.016054 0.230660 0.636955
0.000010 0.094487 0.014478 0.167354 0.723672
0.010304 0.099085 0.027271 0.133637 0.729702
0.050071 0.090470 0.016847 0.124217 0.718394
0.104375 0.029942 0.168742 0.108501 0.588441
0.000010 0.062198 0.148247 0.111309 0.678236
0.000010 0.055818 0.160270 0.122196 0.661706
0.056216 0.051418 0.127174 0.113260 0.651931
0.102223 0.068188 0.175725 0.076845 0.577019
0.000010 0.032196 0.117733 0.044186 0.805875
0.073739 0.069497 0.068861 0.056417 0.731486
0.000010 0.055838 0.148275 0.092405 0.703472
0.031933 0.022768 0.132511 0.061031 0.751758
0.000010 0.047003 0.149457 0.119744 0.683786
0.000010 0.237310 0.000010 0.346280 0.416390
0.362276 0.047189 0.000010 0.165381 0.425144
0.024938 0.137328 0.000010 0.252553 0.585171
0.000010 0.046544 0.064093 0.174334 0.715018
0.032223 0.090547 0.000010 0.285040 0.592181
0.071022 0.123041 0.000010 0.261130 0.544798
0.005524 0.080886 0.000010 0.186912 0.726667
0.012762 0.033026 0.012917 0.143750 0.797545
0.000010 0.037060 0.000010 0.117636 0.845284
0.055859 0.144305 0.000010 0.152824 0.647002
0.005592 0.099680 0.000010 0.168336 0.726382
0.038548 0.089979 0.000010 0.147549 0.723914
0.052686 0.093400 0.012028 0.135723 0.706163
0.067088 0.109406 0.079762 0.109391 0.634353
0.154269 0.122768 0.014798 0.190013 0.518152
0.145927 0.145609 0.016485 0.109749 0.582230
0.092008 0.054564 0.018986 0.195962 0.638480
0.085801 0.161969 0.052805 0.337390 0.362035
0.027021 0.097625 0.004717 0.210040 0.660597
0.008648 0.060111 0.000010 0.205179 0.726052
0.121796 0.121294 0.022630 0.165431 0.568848
0.075413 0.109568 0.037606 0.173649 0.603764
0.023700 0.128672 0.030107 0.238731 0.578790
0.023911 0.054529 0.000010 0.171610 0.749940
0.025763 0.035190 0.033455 0.184511 0.721081
0.052920 0.000010 0.000010 0.130478 0.816582
0.252318 0.083712 0.032532 0.210285 0.421154
0.000010 0.017701 0.221598 0.153675 0.607016
0.099790 0.017540 0.147757 0.105515 0.629400
0.000010 0.064369 0.112451 0.061719 0.761451
0.089981 0.072790 0.101797 0.114663 0.620770
0.000010 0.042288 0.213814 0.112117 0.631771
0.000010 0.061351 0.212834 0.119882 0.605923
0.077545 0.065345 0.128990 0.095684 0.632435
0.000010 0.041298 0.140429 0.058276 0.759988
0.000010 0.083076 0.127110 0.126414 0.663390
0.049239 0.077626 0.126788 0.104488 0.641859
0.000010 0.030950 0.171914 0.130798 0.666328
0.113695 0.060559 0.004122 0.211662 0.609962
0.000010 0.056504 0.029933 0.173652 0.739901
0.033425 0.197811 0.015060 0.310029 0.443675
0.000010 0.058245 0.000010 0.043282 0.898452
0.000010 0.000010 0.000010 0.045921 0.954049
0.140758 0.057439 0.041964 0.166337 0.593502
0.000010 0.199980 0.020900 0.200911 0.578200
0.030245 0.251298 0.028169 0.305703 0.384585
0.067445 0.067484 0.033954 0.216500 0.614617
0.063926 0.064189 0.007709 0.169560 0.694616
0.001398 0.136304 0.035950 0.252792 0.573555
0.046076 0.096797 0.000010 0.290397 0.566720
0.025291 0.165878 0.016070 0.222311 0.570450
0.116580 0.134107 0.079600 0.228697 0.441015
0.252340 0.100788 0.046930 0.200203 0.399740
0.190496 0.127908 0.000010 0.187625 0.493961
0.000010 0.038216 0.000010 0.151710 0.810054
0.005781 0.051136 0.000010 0.124784 0.818289
0.036443 0.023998 0.000010 0.104480 0.835069
0.010035 0.031720 0.023202 0.083036 0.852007
0.353929 0.110236 0.010003 0.148499 0.377334
0.000010 0.151952 0.048771 0.188670 0.610597
0.148257 0.057911 0.014632 0.074427 0.704772
0.000010 0.034672 0.015057 0.073603 0.876658
0.000010 0.033626 0.000010 0.120123 0.846231
0.000010 0.059039 0.019791 0.147479 0.773681
0.092081 0.168257 0.002500 0.241436 0.495726
0.122472 0.147231 0.000010 0.225211 0.505076
0.036344 0.157279 0.004685 0.203590 0.598102
0.031429 0.123984 0.023822 0.196392 0.624372
0.032219 0.077716 0.037243 0.135618 0.717204
0.324544 0.075121 0.061392 0.156884 0.382059
0.196133 0.104243 0.048319 0.204517 0.446788
0.000010 0.485603 0.000010 0.191054 0.323324
0.000010 0.328480 0.010276 0.122962 0.538272
0.000010 0.653769 0.000010 0.000010 0.346201
0.000010 0.958765 0.000010 0.000010 0.041205
0.044997 0.325987 0.027961 0.094471 0.506584
0.000010 0.499155 0.012996 0.092506 0.395333
0.791551 0.005808 0.053061 0.000010 0.149570
0.542668 0.000010 0.049855 0.124796 0.282670
0.936118 0.000010 0.037184 0.000010 0.026678
0.833263 0.000010 0.025640 0.000010 0.141077
0.895124 0.000010 0.053973 0.000010 0.050883
0.862402 0.004056 0.000010 0.001541 0.131991
0.954757 0.000010 0.016881 0.014513 0.013839
0.858276 0.000010 0.000010 0.000010 0.141694
0.051881 0.534391 0.010819 0.190943 0.211966
0.111588 0.435649 0.022193 0.135047 0.295523
0.887349 0.000010 0.031649 0.000010 0.080981
0.962323 0.008484 0.029173 0.000010 0.000010
0.901193 0.000010 0.000010 0.000010 0.098777
0.839938 0.000010 0.001803 0.007576 0.150673
0.915558 0.002790 0.000010 0.000010 0.081631
0.000010 0.855036 0.000010 0.006464 0.138481
0.000010 0.761401 0.000010 0.000010 0.238569
0.000010 0.999960 0.000010 0.000010 0.000010
0.000010 0.589625 0.000010 0.168164 0.242191
0.000010 0.943621 0.000010 0.000010 0.056349
0.116466 0.568788 0.000010 0.140373 0.174363
0.000010 0.960279 0.000010 0.039691 0.000010
0.000010 0.875610 0.000010 0.064762 0.059607
0.000010 0.760202 0.000010 0.026852 0.212925
0.062000 0.462431 0.034873 0.199821 0.240875
0.000010 0.728146 0.000010 0.000010 0.271824
0.000010 0.639300 0.036464 0.009735 0.314491
0.000010 0.828731 0.000010 0.171239 0.000010
0.000010 0.724564 0.000010 0.038416 0.237000
0.053744 0.549395 0.000010 0.254568 0.142283
0.000010 0.710162 0.000010 0.128518 0.161300
0.000010 0.306546 0.050436 0.408450 0.234559
0.000010 0.768821 0.000010 0.000010 0.231149
0.000010 0.419503 0.033691 0.212266 0.334531
0.181553 0.548423 0.000010 0.128287 0.141727
0.045860 0.599769 0.007606 0.267512 0.079253
0.000010 0.660631 0.012159 0.319393 0.007807
0.000010 0.826958 0.000010 0.058399 0.114623
0.000010 0.901967 0.000010 0.007021 0.090992
0.915637 0.000010 0.000010 0.005471 0.078872
0.842919 0.000010 0.000010 0.010519 0.146542
0.000010 0.999960 0.000010 0.000010 0.000010
0.099382 0.376289 0.000010 0.216423 0.307897
0.000010 0.545870 0.000010 0.069545 0.384565
0.000010 0.880069 0.000010 0.086552 0.033359
0.000010 0.621787 0.000010 0.032792 0.345401
0.149677 0.446729 0.000010 0.110388 0.293197
0.030056 0.772961 0.000010 0.043698 0.153276
0.000010 0.687938 0.000010 0.274234 0.037808
0.000010 0.663441 0.000010 0.000010 0.336529
0.000010 0.699217 0.000010 0.079905 0.220858
0.000010 0.708004 0.000010 0.000010 0.291966
0.006669 0.643997 0.029391 0.077433 0.242510
0.000010 0.742357 0.000010 0.034914 0.222708
0.888933 0.002937 0.026787 0.002663 0.078679
0.864376 0.000010 0.000010 0.000010 0.135594
0.556500 0.000010 0.000010 0.000010 0.443470
0.813340 0.003733 0.024599 0.009416 0.148911
0.905370 0.007286 0.020532 0.000010 0.066803
0.000010 0.732089 0.019174 0.000502 0.248225
0.000010 0.740947 0.000010 0.158435 0.100597
0.000010 0.751465 0.000010 0.128319 0.120196
0.000010 0.723994 0.000010 0.070664 0.205322
0.000010 0.815224 0.000010 0.000010 0.184746
0.308124 0.322762 0.084796 0.000010 0.284308
0.000010 0.617547 0.000010 0.215068 0.167365
0.822165 0.000010 0.013691 0.000010 0.164124
0.840701 0.000010 0.000010 0.000010 0.159269
0.890174 0.000010 0.033503 0.000010 0.076303
0.964952 0.003611 0.000010 0.000010 0.031417
0.841152 0.000010 0.021130 0.000010 0.137698
0.919777 0.007000 0.067326 0.000010 0.005887
0.978720 0.006234 0.000010 0.000010 0.015026
0.916399 0.002521 0.013861 0.000010 0.067208
0.826468 0.000010 0.040916 0.000010 0.132596
0.000010 0.642401 0.000010 0.003288 0.354292
0.106454 0.472532 0.011862 0.096726 0.312427
0.928664 0.004928 0.000010 0.000010 0.066388
0.000010 0.740723 0.001388 0.094762 0.163117
0.000010 0.851873 0.000010 0.041127 0.106980
0.000010 0.792759 0.000010 0.146415 0.060806
0.955303 0.000010 0.000010 0.006228 0.038449
0.825225 0.000010 0.000010 0.007138 0.167618
0.922855 0.003278 0.008497 0.000010 0.065360
0.789376 0.000010 0.049653 0.000010 0.160951
0.926395 0.001381 0.004374 0.000010 0.067840
0.000010 0.878824 0.000010 0.000010 0.121146
0.000010 0.878660 0.000010 0.043235 0.078085
0.000010 0.948632 0.000010 0.000010 0.051338
0.000010 0.550301 0.018693 0.094857 0.336140
0.000010 0.555163 0.000010 0.000010 0.444807
0.905003 0.000010 0.012656 0.007847 0.074484
0.780465 0.000999 0.000010 0.029572 0.188954
0.000010 0.999960 0.000010 0.000010 0.000010
0.000010 0.715435 0.000010 0.098944 0.185601
0.000010 0.706574 0.000010 0.070350 0.223056
0.000010 0.939851 0.000010 0.000010 0.060119
0.000010 0.619843 0.000010 0.308280 0.071856
0.000010 0.999960 0.000010 0.000010 0.000010
0.000010 0.999960 0.000010 0.000010 0.000010
0.265279 0.573979 0.000010 0.000010 0.160722
0.000010 0.961152 0.000010 0.000010 0.038818
0.000013 0.516827 0.000010 0.159265 0.323884
0.000010 0.772699 0.000010 0.130200 0.097081
0.937246 0.000010 0.027972 0.000388 0.034385
0.776079 0.000010 0.011733 0.000010 0.212168
0.765581 0.000601 0.028273 0.000010 0.205535
0.796436 0.000010 0.039532 0.006740 0.157282
0.000010 0.698053 0.000010 0.110088 0.191839
0.000010 0.677052 0.000010 0.069426 0.253502
0.000010 0.980436 0.000010 0.000010 0.019534
0.000010 0.853162 0.000010 0.000010 0.146808
0.000010 0.538118 0.009279 0.062549 0.390044
0.000010 0.826079 0.000010 0.034061 0.139840
0.000014 0.764070 0.000010 0.045283 0.190623
0.042735 0.591618 0.012412 0.175681 0.177555
0.938235 0.000010 0.000010 0.000010 0.061735
0.880176 0.000010 0.000010 0.000010 0.119794
0.849260 0.000010 0.043680 0.000010 0.107041
0.000010 0.558933 0.000010 0.065712 0.375334
0.885035 0.000010 0.054650 0.000010 0.060295
0.867067 0.002184 0.000010 0.000010 0.130729
0.932852 0.000010 0.007619 0.000010 0.059509
0.871780 0.000010 0.090748 0.000010 0.037452
0.874121 0.000010 0.000010 0.000010 0.125849
0.920818 0.000010 0.000010 0.000010 0.079152
0.951318 0.005604 0.027274 0.000010 0.015794
0.875274 0.000010 0.006120 0.000010 0.118586
0.904843 0.000010 0.000010 0.000010 0.095127
0.747502 0.000010 0.000548 0.000010 0.251929
0.864839 0.000010 0.000010 0.001868 0.133273
0.971532 0.000010 0.000010 0.003438 0.025009
0.763209 0.000010 0.013136 0.000010 0.223635
0.051873 0.343613 0.042513 0.154220 0.407782
0.000010 0.774869 0.000010 0.050159 0.174952
0.879757 0.006786 0.043347 0.000010 0.070101
0.539096 0.000010 0.050175 0.000010 0.410709
0.038950 0.330717 0.034308 0.235565 0.360460
0.899814 0.000010 0.013391 0.002772 0.084013
0.908342 0.000102 0.000010 0.000010 0.091536
0.836411 0.003528 0.058942 0.000010 0.101109
0.932561 0.000010 0.007047 0.000010 0.060372
0.979056 0.000010 0.000010 0.013123 0.007801
0.811329 0.004715 0.017495 0.000010 0.166451
0.938353 0.000010 0.000010 0.000010 0.061617
0.916134 0.000010 0.000010 0.005077 0.078769
0.843599 0.003985 0.016895 0.000010 0.135510
0.925436 0.006771 0.000010 0.000010 0.067773
0.915878 0.000010 0.000010 0.004900 0.079202
0.766879 0.003290 0.082382 0.000010 0.147438
0.851759 0.009287 0.000010 0.000010 0.138934
0.909104 0.002043 0.000010 0.000010 0.088833
0.878874 0.007397 0.031676 0.000010 0.082043
0.847634 0.000010 0.048183 0.000010 0.104164
0.718494 0.000010 0.012369 0.000010 0.269118
0.865262 0.004701 0.000010 0.000010 0.130017
0.912459 0.000010 0.005913 0.000010 0.081607
0.931598 0.006637 0.017505 0.000010 0.044249
0.764400 0.000622 0.007146 0.004803 0.223030
0.780647 0.000010 0.045981 0.013058 0.160305
0.896863 0.003983 0.000012 0.000010 0.099132
0.885534 0.000010 0.043666 0.003661 0.067129
0.924123 0.003605 0.010917 0.000010 0.061344
0.732085 0.000010 0.096357 0.000010 0.171537
0.943743 0.003940 0.011269 0.000010 0.041037
0.793977 0.009475 0.024983 0.000010 0.171555
0.903406 0.000010 0.000010 0.008098 0.088476
0.877009 0.000010 0.062609 0.005595 0.054777
0.950541 0.007635 0.000010 0.000288 0.041526
0.836993 0.000010 0.062017 0.000010 0.100969
0.875539 0.007343 0.019204 0.002508 0.095405
0.872170 0.000010 0.082722 0.003387 0.041711
0.891667 0.000010 0.000010 0.000010 0.108303
0.772903 0.000912 0.016803 0.000010 0.209372
0.844250 0.000010 0.000073 0.000010 0.155657
0.000010 0.000010 0.000010 0.000010 0.999960
0.000011 0.000010 0.000010 0.000010 0.999959
0.000010 0.000010 0.000010 0.000010 0.999960
0.000010 0.000010 0.000010 0.000010 0.999960
0.000010 0.000010 0.000010 0.000010 0.999960
0.000010 0.000010 0.000010 0.000010 0.999960
0.000010 0.000010 0.000010 0.000010 0.999960
0.000010 0.000010 0.000010 0.000010 0.999960
0.000010 0.000010 0.000010 0.000010 0.999960
0.000010 0.000010 0.000010 0.000010 0.999960
0.000010 0.000010 0.000010 0.000010 0.999960
0.000010 0.000010 0.000010 0.000010 0.999960
0.000010 0.000010 0.000010 0.000010 0.999960
0.000010 0.000010 0.000010 0.000010 0.999960
0.000010 0.000010 0.000010 0.000010 0.999960
0.000010 0.000010 0.000010 0.000010 0.999960
0.000010 0.000011 0.000010 0.000010 0.999959
0.000013 0.000010 0.000010 0.000010 0.999957
0.000010 0.003751 0.000010 0.000010 0.996219
0.000010 0.000010 0.000010 0.000010 0.999960
0.000010 0.000653 0.000010 0.000010 0.999317
0.000010 0.000010 0.000010 0.000010 0.999960
0.000010 0.000010 0.000010 0.000010 0.999960
0.000010 0.000010 0.000010 0.000010 0.999960
0.000010 0.000010 0.000010 0.000831 0.999139
0.000010 0.000010 0.000010 0.000010 0.999960
0.000010 0.000010 0.000010 0.000010 0.999960
0.000010 0.000010 0.000010 0.000010 0.999960
0.000010 0.000010 0.000010 0.000010 0.999960
0.000010 0.000010 0.000010 0.000010 0.999960
0.000010 0.000010 0.000010 0.000010 0.999960
0.000010 0.000010 0.000010 0.000010 0.999960
0.000010 0.000010 0.000010 0.000010 0.999960
0.000010 0.000010 0.000010 0.000010 0.999960
0.000010 0.000010 0.000010 0.000010 0.999960
0.000010 0.000010 0.000010 0.000010 0.999960
0.000010 0.000010 0.000010 0.000010 0.999960
0.000010 0.000010 0.000010 0.000010 0.999960
0.000010 0.000010 0.000010 0.000010 0.999960
0.000010 0.000010 0.000010 0.000010 0.999960
0.000010 0.000301 0.000010 0.000010 0.999669
0.000010 0.003206 0.000010 0.000010 0.996764
0.000010 0.000010 0.000010 0.000010 0.999960
0.000010 0.000010 0.000010 0.000010 0.999960
0.000010 0.000010 0.000010 0.000010 0.999960
0.000010 0.000010 0.000010 0.000010 0.999960
0.000010 0.000010 0.000010 0.000010 0.999960
0.000010 0.000010 0.000010 0.000010 0.999960
0.000010 0.004883 0.000010 0.000010 0.995087
0.000010 0.000010 0.000010 0.000010 0.999960
0.000010 0.000019 0.000010 0.000010 0.999951
0.000010 0.006281 0.000010 0.000010 0.993689
0.000010 0.000010 0.000010 0.000010 0.999960
0.000010 0.000010 0.000010 0.000010 0.999960
0.000010 0.007620 0.000010 0.000010 0.992350
0.000010 0.000011 0.000010 0.000010 0.999959
0.000010 0.000010 0.000010 0.000010 0.999960
0.000010 0.000010 0.000010 0.000010 0.999960
0.000010 0.000010 0.000010 0.000010 0.999960
0.000010 0.000010 0.000010 0.000010 0.999960
0.000010 0.000010 0.000010 0.008565 0.991405
0.000010 0.000010 0.000010 0.000010 0.999960
0.000010 0.000010 0.000010 0.000010 0.999960
0.000010 0.000010 0.000010 0.000010 0.999960
0.000010 0.008476 0.000010 0.003635 0.987870
0.000010 0.000010 0.000010 0.000010 0.999960
0.000010 0.000011 0.000010 0.000010 0.999959
0.000010 0.000010 0.000010 0.000010 0.999960
0.000010 0.000010 0.000010 0.000010 0.999960
0.000010 0.000010 0.000010 0.000010 0.999960
0.000010 0.000010 0.000010 0.000010 0.999960
0.000010 0.000010 0.000010 0.000010 0.999960
0.000010 0.000010 0.000010 0.000010 0.999960
0.000010 0.000010 0.000010 0.000010 0.999960
0.000010 0.000010 0.000010 0.000010 0.999960
0.000010 0.000010 0.000010 0.000010 0.999960
0.000010 0.000010 0.000010 0.000010 0.999960
0.000010 0.000010 0.000010 0.000010 0.999960
0.000010 0.000010 0.000010 0.000010 0.999960
0.000010 0.000010 0.000010 0.000010 0.999960
0.000010 0.009751 0.000010 0.000010 0.990219
0.000010 0.000010 0.000010 0.000010 0.999960
0.000010 0.003781 0.000010 0.000010 0.996189
0.000010 0.000010 0.000010 0.000010 0.999960
0.000010 0.000010 0.000010 0.000010 0.999960
0.000010 0.000010 0.000010 0.000010 0.999960
0.000010 0.000010 0.000010 0.000010 0.999960
0.000010 0.000010 0.000010 0.000010 0.999960
0.000010 0.000622 0.000010 0.000010 0.999348
0.000010 0.000434 0.000010 0.000010 0.999536
0.000010 0.000010 0.000010 0.000010 0.999960
0.000010 0.000010 0.000010 0.000010 0.999960
0.000010 0.000010 0.000010 0.000010 0.999960
0.000010 0.000010 0.000010 0.000010 0.999960
0.000010 0.000010 0.000010 0.000010 0.999960
0.000010 0.000010 0.000010 0.000010 0.999960
0.000010 0.000010 0.000010 0.000010 0.999960
0.000010 0.000010 0.000010 0.000010 0.999960
0.000010 0.000010 0.000010 0.000010 0.999960
0.999960 0.000010 0.000010 0.000010 0.000010
0.999960 0.000010 0.000010 0.000010 0.000010
0.999960 0.000010 0.000010 0.000010 0.000010
0.999285 0.000685 0.000010 0.000010 0.000010
0.999960 0.000010 0.000010 0.000010 0.000010
0.999960 0.000010 0.000010 0.000010 0.000010
0.999960 0.000010 0.000010 0.000010 0.000010
0.999960 0.000010 0.000010 0.000010 0.000010
0.999960 0.000010 0.000010 0.000010 0.000010
0.999960 0.000010 0.000010 0.000010 0.000010
0.999960 0.000010 0.000010 0.000010 0.000010
0.999960 0.000010 0.000010 0.000010 0.000010
0.999960 0.000010 0.000010 0.000010 0.000010
0.999960 0.000010 0.000010 0.000010 0.000010
0.999960 0.000010 0.000010 0.000010 0.000010
0.999960 0.000010 0.000010 0.000010 0.000010
0.999960 0.000010 0.000010 0.000010 0.000010
0.986175 0.000010 0.013795 0.000010 0.000010
0.999960 0.000010 0.000010 0.000010 0.000010
0.999960 0.000010 0.000010 0.000010 0.000010
0.999960 0.000010 0.000010 0.000010 0.000010
0.999960 0.000010 0.000010 0.000010 0.000010
0.999960 0.000010 0.000010 0.000010 0.000010
0.999340 0.000630 0.000010 0.000010 0.000010
0.999960 0.000010 0.000010 0.000010 0.000010
0.999307 0.000010 0.000010 0.000663 0.000010
0.999956 0.000010 0.000014 0.000010 0.000010
0.999960 0.000010 0.000010 0.000010 0.000010
0.999960 0.000010 0.000010 0.000010 0.000010
0.999960 0.000010 0.000010 0.000010 0.000010
0.999960 0.000010 0.000010 0.000010 0.000010
0.999960 0.000010 0.000010 0.000010 0.000010
0.999960 0.000010 0.000010 0.000010 0.000010
0.999960 0.000010 0.000010 0.000010 0.000010
0.999960 0.000010 0.000010 0.000010 0.000010
0.993621 0.000010 0.006349 0.000010 0.000010
0.999960 0.000010 0.000010 0.000010 0.000010
0.999960 0.000010 0.000010 0.000010 0.000010
0.999960 0.000010 0.000010 0.000010 0.000010
0.996791 0.003179 0.000010 0.000010 0.000010
0.999960 0.000010 0.000010 0.000010 0.000010
0.999960 0.000010 0.000010 0.000010 0.000010
0.999960 0.000010 0.000010 0.000010 0.000010
0.999960 0.000010 0.000010 0.000010 0.000010
0.999960 0.000010 0.000010 0.000010 0.000010
0.999960 0.000010 0.000010 0.000010 0.000010
0.999960 0.000010 0.000010 0.000010 0.000010
0.999960 0.000010 0.000010 0.000010 0.000010
0.999960 0.000010 0.000010 0.000010 0.000010
0.999960 0.000010 0.000010 0.000010 0.000010
0.999960 0.000010 0.000010 0.000010 0.000010
0.999960 0.000010 0.000010 0.000010 0.000010
0.999959 0.000010 0.000011 0.000010 0.000010
0.999960 0.000010 0.000010 0.000010 0.000010
0.999960 0.000010 0.000010 0.000010 0.000010
0.999960 0.000010 0.000010 0.000010 0.000010
0.995450 0.000690 0.000010 0.003840 0.000010
0.999960 0.000010 0.000010 0.000010 0.000010
0.999960 0.000010 0.000010 0.000010 0.000010
0.999960 0.000010 0.000010 0.000010 0.000010
0.999960 0.000010 0.000010 0.000010 0.000010
0.940875 0.000013 0.059088 0.000013 0.000010
0.999960 0.000010 0.000010 0.000010 0.000010
0.999960 0.000010 0.000010 0.000010 0.000010
0.999960 0.000010 0.000010 0.000010 0.000010
0.999960 0.000010 0.000010 0.000010 0.000010
0.999960 0.000010 0.000010 0.000010 0.000010
0.999960 0.000010 0.000010 0.000010 0.000010
0.999960 0.000010 0.000010 0.000010 0.000010
0.999960 0.000010 0.000010 0.000010 0.000010
0.988775 0.000010 0.011195 0.000010 0.000010
0.999960 0.000010 0.000010 0.000010 0.000010
0.999960 0.000010 0.000010 0.000010 0.000010
0.999960 0.000010 0.000010 0.000010 0.000010
0.999960 0.000010 0.000010 0.000010 0.000010
0.999960 0.000010 0.000010 0.000010 0.000010
0.999960 0.000010 0.000010 0.000010 0.000010
0.999960 0.000010 0.000010 0.000010 0.000010
0.999960 0.000010 0.000010 0.000010 0.000010
0.999960 0.000010 0.000010 0.000010 0.000010
0.999960 0.000010 0.000010 0.000010 0.000010
0.999960 0.000010 0.000010 0.000010 0.000010
0.999960 0.000010 0.000010 0.000010 0.000010
0.999960 0.000010 0.000010 0.000010 0.000010
0.999960 0.000010 0.000010 0.000010 0.000010
0.999960 0.000010 0.000010 0.000010 0.000010
0.999960 0.000010 0.000010 0.000010 0.000010
0.999960 0.000010 0.000010 0.000010 0.000010
0.999960 0.000010 0.000010 0.000010 0.000010
0.999960 0.000010 0.000010 0.000010 0.000010
0.999960 0.000010 0.000010 0.000010 0.000010
0.999960 0.000010 0.000010 0.000010 0.000010
0.999960 0.000010 0.000010 0.000010 0.000010
0.999960 0.000010 0.000010 0.000010 0.000010
0.999960 0.000010 0.000010 0.000010 0.000010
0.999960 0.000010 0.000010 0.000010 0.000010
0.999960 0.000010 0.000010 0.000010 0.000010
0.999960 0.000010 0.000010 0.000010 0.000010
0.999960 0.000010 0.000010 0.000010 0.000010
0.999960 0.000010 0.000010 0.000010 0.000010
0.999960 0.000010 0.000010 0.000010 0.000010
0.999960 0.000010 0.000010 0.000010 0.000010
0.999960 0.000010 0.000010 0.000010 0.000010
0.999960 0.000010 0.000010 0.000010 0.000010
0.999960 0.000010 0.000010 0.000010 0.000010
0.999960 0.000010 0.000010 0.000010 0.000010
0.999960 0.000010 0.000010 0.000010 0.000010
0.999960 0.000010 0.000010 0.000010 0.000010
0.621440 0.000010 0.026441 0.225052 0.127056
0.000010 0.000990 0.014735 0.064121 0.920144
0.009805 0.020160 0.028079 0.195238 0.746718
0.056633 0.020308 0.000010 0.233819 0.689230
0.000010 0.073105 0.059903 0.192573 0.674410
0.032250 0.047257 0.020470 0.504174 0.395850
0.015447 0.048068 0.032727 0.259530 0.644229
0.039555 0.040595 0.000010 0.544810 0.375031
0.000010 0.000010 0.035157 0.335941 0.628882
0.000010 0.061660 0.050592 0.423140 0.464599
0.047590 0.095329 0.011734 0.507658 0.337689
0.027045 0.087887 0.039200 0.411550 0.434318
0.023460 0.065433 0.000010 0.262675 0.648422
0.016872 0.054625 0.033175 0.415138 0.480191
0.000010 0.020435 0.050491 0.282673 0.646391
0.042126 0.000010 0.034376 0.207790 0.715697
0.000010 0.000010 0.032503 0.041855 0.925622
0.040598 0.098129 0.000010 0.492539 0.368724
0.001853 0.042956 0.000010 0.456278 0.498903
0.000010 0.056360 0.010116 0.233259 0.700255
0.782134 0.012107 0.037043 0.000010 0.168705
0.757568 0.000650 0.091259 0.031318 0.119205
0.673933 0.000010 0.200664 0.000010 0.125383
0.782813 0.001892 0.059576 0.000518 0.155201
0.670035 0.013717 0.059962 0.000010 0.256276
0.782722 0.000010 0.124048 0.011192 0.082029
0.801031 0.002684 0.089879 0.005235 0.101170
0.636709 0.000010 0.104514 0.000010 0.258757
0.042048 0.020016 0.000010 0.526337 0.411590
0.000010 0.080910 0.047887 0.510106 0.361088
0.046483 0.007405 0.019951 0.403945 0.522217
0.035578 0.050553 0.000010 0.608030 0.305828
0.000010 0.037599 0.058540 0.423872 0.479979
0.048326 0.097111 0.038932 0.403185 0.412446
0.019545 0.016086 0.024521 0.334469 0.605379
0.000010 0.080358 0.000010 0.546816 0.372806
0.000010 0.165984 0.000010 0.778419 0.055577
0.000010 0.111224 0.000010 0.789014 0.099742
0.000010 0.060925 0.000010 0.939045 0.000010
0.000010 0.047599 0.000010 0.946992 0.005390
0.000010 0.069782 0.000010 0.575461 0.354738
0.000010 0.049553 0.000010 0.803723 0.146704
0.000010 0.081032 0.002907 0.691225 0.224826
0.000018 0.044843 0.000010 0.799728 0.155401
0.000010 0.000010 0.014248 0.698545 0.287187
0.000010 0.052343 0.030061 0.474848 0.442739
0.007258 0.014646 0.055854 0.361634 0.560607
0.013186 0.004386 0.036711 0.273020 0.672697
0.000010 0.057794 0.029499 0.436593 0.476104
0.000010 0.087182 0.046217 0.590446 0.276145
0.040738 0.050226 0.029620 0.427509 0.451906
0.000010 0.116059 0.000010 0.652319 0.231602
0.000010 0.084759 0.000010 0.657986 0.257235
0.049938 0.067824 0.002070 0.472313 0.407855
0.005810 0.072826 0.061012 0.539275 0.321078
0.048232 0.059078 0.000010 0.326769 0.565911
0.037290 0.018547 0.019062 0.370699 0.554402
0.020538 0.018686 0.027937 0.475449 0.457389
0.000010 0.000010 0.026486 0.379980 0.593514
0.057007 0.002502 0.000010 0.485375 0.455106
0.050481 0.100261 0.061085 0.359151 0.429022
0.055242 0.041097 0.038415 0.378458 0.486788
0.028725 0.030545 0.016237 0.270147 0.654345
0.000010 0.086879 0.042946 0.271319 0.598846
0.017259 0.120957 0.060997 0.317473 0.483314
0.000010 0.135794 0.000010 0.587020 0.277166
0.017832 0.069552 0.022767 0.602516 0.287333
0.000010 0.095772 0.033714 0.481624 0.388880
0.000010 0.089133 0.037692 0.554685 0.318480
0.026930 0.095164 0.058531 0.343234 0.476141
0.037431 0.042849 0.035971 0.270641 0.613107
0.031964 0.028228 0.000010 0.283367 0.656431
0.024355 0.082708 0.048044 0.394062 0.450831
0.690408 0.011563 0.028441 0.000010 0.269578
0.705806 0.009166 0.000010 0.000010 0.285008
0.741019 0.001201 0.000010 0.000010 0.257760
0.834632 0.000010 0.000010 0.000010 0.165338
0.781313 0.010694 0.037264 0.000010 0.170719
0.872428 0.000010 0.023549 0.019234 0.084779
0.000010 0.000010 0.999960 0.000010 0.000010
0.869611 0.000010 0.000010 0.002606 0.127763
0.855099 0.000010 0.000010 0.036445 0.108436
0.000010 0.000010 0.999960 0.000010 0.000010
0.696845 0.008275 0.000010 0.000010 0.294859
0.862770 0.000010 0.015357 0.001580 0.120283
0.891518 0.000010 0.006658 0.013243 0.088571
0.883902 0.006448 0.000010 0.000010 0.109631
0.534168 0.021454 0.026507 0.081021 0.336850
0.668520 0.000010 0.047776 0.012306 0.271387
0.608123 0.000010 0.007432 0.001683 0.382751
0.812721 0.012612 0.054762 0.000010 0.119896
0.846141 0.008137 0.000010 0.000010 0.145702
0.683647 0.006810 0.017834 0.000010 0.291699
0.853281 0.000010 0.049903 0.000010 0.096796
0.276084 0.065777 0.036460 0.391595 0.230083
0.793446 0.000010 0.000010 0.005895 0.200638
0.478410 0.002224 0.000010 0.000010 0.519346
0.770831 0.000010 0.060157 0.000010 0.168993
0.687804 0.006662 0.039343 0.000010 0.266181
0.800361 0.008093 0.032185 0.000010 0.159351
0.769151 0.000010 0.000010 0.005690 0.225139
0.882952 0.003982 0.110710 0.000010 0.002346
0.832048 0.007867 0.035969 0.000010 0.124105
0.657915 0.005535 0.148641 0.000010 0.187898
0.910073 0.019126 0.008731 0.003756 0.058314
0.406613 0.074224 0.007538 0.363576 0.148049
0.000010 0.121188 0.000010 0.529531 0.349261
0.000010 0.000010 0.998591 0.000010 0.001379
0.000010 0.021764 0.978206 0.000010 0.000010
0.000010 0.000010 0.999960 0.000010 0.000010
0.000010 0.000010 0.999960 0.000010 0.000010
0.738954 0.008511 0.039637 0.000010 0.212888
0.632733 0.000010 0.000010 0.000010 0.367237
0.838521 0.010849 0.030685 0.034787 0.085159
0.768457 0.008703 0.072597 0.000010 0.150233
0.562808 0.000010 0.049897 0.019800 0.367486
0.769813 0.000010 0.078633 0.023419 0.128125
0.789049 0.000010 0.051628 0.007072 0.152240
0.633281 0.000010 0.011938 0.010202 0.344570
0.813393 0.001016 0.000010 0.000010 0.185571
0.829503 0.000010 0.027980 0.007827 0.134680
0.860666 0.008616 0.015163 0.000010 0.115545
0.000010 0.000010 0.999960 0.000010 0.000010
0.000010 0.000010 0.999960 0.000010 0.000010
0.659645 0.004806 0.109017 0.028731 0.197801
