0.030510 0.045875 0.923614
0.154829 0.000010 0.845161
0.000010 0.000010 0.999980
0.038785 0.001416 0.959800
0.080375 0.000010 0.919615
0.071329 0.000010 0.928661
0.000010 0.000010 0.999980
0.290477 0.018386 0.691137
0.029317 0.000010 0.970673
0.000010 0.000010 0.999980
0.032582 0.000010 0.967408
0.044609 0.000010 0.955381
0.101868 0.000010 0.898122
0.114306 0.033351 0.852343
0.060302 0.000010 0.939688
0.127295 0.028540 0.844166
0.041900 0.000010 0.958090
0.148172 0.000010 0.851818
0.059568 0.000010 0.940422
0.265760 0.010100 0.724141
0.187568 0.000010 0.812422
0.049951 0.000010 0.950039
0.000010 0.000010 0.999980
0.006514 0.000010 0.993476
0.000010 0.000010 0.999980
0.078208 0.038389 0.883402
0.000010 0.000010 0.999980
0.000010 0.000010 0.999980
0.063316 0.000010 0.936674
0.000010 0.000010 0.999980
0.000010 0.000010 0.999980
0.042146 0.000010 0.957844
0.000010 0.000010 0.999980
0.000010 0.000010 0.999980
0.000010 0.000010 0.999980
0.000010 0.000010 0.999980
0.000010 0.000010 0.999980
0.045682 0.000010 0.954308
0.000010 0.000010 0.999980
0.003235 0.000010 0.996755
0.070898 0.000010 0.929092
0.018259 0.000010 0.981731
0.054627 0.000010 0.945363
0.041641 0.000010 0.958349
0.034621 0.000010 0.965369
0.065068 0.000010 0.934922
0.042582 0.000010 0.957408
0.159449 0.000010 0.840541
0.067399 0.000010 0.932591
0.064278 0.000010 0.935712
0.000010 0.000010 0.999980
0.000010 0.000010 0.999980
0.104134 0.000010 0.895856
0.122555 0.000010 0.877435
0.000010 0.000010 0.999980
0.123144 0.000010 0.876846
0.053177 0.000010 0.946813
0.000013 0.000010 0.999977
0.078454 0.000010 0.921536
0.115719 0.000010 0.884271
0.091157 0.129782 0.779061
0.000010 0.000010 0.999980
0.031486 0.000010 0.968504
0.000010 0.000010 0.999980
0.000010 0.000010 0.999980
0.000010 0.000010 0.999980
0.000010 0.000010 0.999980
0.000010 0.000010 0.999980
0.000010 0.000010 0.999980
0.000010 0.000010 0.999980
0.000010 0.000010 0.999980
0.000010 0.000010 0.999980
0.000010 0.000010 0.999980
0.000010 0.000010 0.999980
0.000010 0.000010 0.999980
0.000010 0.000010 0.999980
0.000010 0.000010 0.999980
0.000010 0.000010 0.999980
0.000010 0.000010 0.999980
0.000018 0.000010 0.999972
0.000010 0.000010 0.999980
0.000010 0.000010 0.999980
0.000010 0.000010 0.999980
0.000010 0.000010 0.999980
0.000010 0.000010 0.999980
0.000010 0.000010 0.999980
0.000010 0.000010 0.999980
0.000010 0.000010 0.999980
0.788440 0.081017 0.130543
0.642993 0.183102 0.173905
0.824449 0.076825 0.098726
0.727583 0.148411 0.124005
0.698684 0.166190 0.135126
0.831141 0.076335 0.092524
0.778609 0.074147 0.147244
0.919462 0.010845 0.069693
0.847971 0.044779 0.107251
0.708515 0.103745 0.187741
0.847180 0.054670 0.098150
0.836446 0.070815 0.092739
0.893398 0.050277 0.056325
0.747285 0.115449 0.137266
0.900071 0.045594 0.054335
0.708672 0.085881 0.205448
0.841734 0.079796 0.078470
0.751860 0.113230 0.134909
0.668798 0.215322 0.115880
0.615186 0.217491 0.167322
0.616489 0.227553 0.155958
0.789133 0.052901 0.157966
0.789637 0.121072 0.089291
0.725990 0.131586 0.142424
0.813015 0.083867 0.103118
0.811993 0.057789 0.130218
0.531573 0.346751 0.121676
0.716818 0.176462 0.106719
0.812280 0.070323 0.117397
0.790388 0.082169 0.127444
0.777261 0.085864 0.136875
0.820918 0.041322 0.137760
0.806213 0.077838 0.115949
0.786313 0.071034 0.142654
0.875753 0.084625 0.039622
0.651826 0.185340 0.162835
0.736689 0.152833 0.110478
0.722740 0.089509 0.187751
0.653519 0.205186 0.141295
0.767685 0.090264 0.142051
0.770883 0.117124 0.111993
0.698484 0.125130 0.176386
0.703466 0.186515 0.110019
0.732037 0.139992 0.127971
0.643068 0.246125 0.110806
0.760478 0.125854 0.113668
0.762312 0.111770 0.125917
0.779092 0.086106 0.134802
0.796019 0.083904 0.120077
0.702313 0.142238 0.155449
0.712970 0.175874 0.111156
0.810392 0.084140 0.105468
0.849997 0.078284 0.071719
0.669503 0.224501 0.105996
0.310237 0.627346 0.062417
0.747204 0.120573 0.132223
0.745992 0.115498 0.138510
0.941411 0.000010 0.058579
0.732625 0.000010 0.267365
0.850805 0.058768 0.090428
0.668423 0.039260 0.292317
0.720127 0.066989 0.212885
0.589053 0.133992 0.276955
0.675741 0.086273 0.237986
0.717843 0.054985 0.227172
0.718440 0.056045 0.225515
0.844942 0.012385 0.142673
0.674596 0.115924 0.209479
0.655945 0.091219 0.252836
0.655715 0.023421 0.320864
0.539441 0.176294 0.284266
0.716124 0.036264 0.247611
0.467966 0.181944 0.350090
0.712960 0.043197 0.243843
0.484634 0.103867 0.411498
0.668372 0.183880 0.147748
0.755563 0.098376 0.146062
0.796484 0.094404 0.109112
0.654831 0.221574 0.123595
0.923555 0.025161 0.051284
0.732870 0.116340 0.150790
0.682269 0.178208 0.139523
0.894256 0.055846 0.049899
0.826911 0.061066 0.112023
0.764754 0.084897 0.150349
0.748954 0.068392 0.182654
0.728051 0.125425 0.146524
0.740955 0.112090 0.146955
0.596693 0.184829 0.218478
0.577690 0.223240 0.199070
0.635890 0.156380 0.207729
0.715457 0.095127 0.189416
0.815617 0.057212 0.127171
0.681292 0.181894 0.136814
0.882694 0.037843 0.079463
0.786073 0.098803 0.115124
0.782414 0.117018 0.100568
0.248289 0.681572 0.070139
0.425568 0.503705 0.070727
0.651582 0.196041 0.152378
0.781471 0.110732 0.107798
0.638398 0.072893 0.288709
0.735634 0.015158 0.249207
0.737908 0.044131 0.217961
0.563877 0.163711 0.272412
0.839858 0.000010 0.160132
0.715433 0.000927 0.283640
0.875050 0.013105 0.111846
0.584029 0.125872 0.290099
0.684122 0.068966 0.246912
0.701758 0.070759 0.227483
0.518337 0.184423 0.297240
0.967211 0.000010 0.032779
0.659895 0.002276 0.337829
0.736764 0.007620 0.255616
0.743081 0.029798 0.227121
0.729186 0.061765 0.209048
0.632142 0.231725 0.136133
0.721653 0.105184 0.173163
0.709314 0.115010 0.175676
0.685630 0.151266 0.163104
0.621250 0.233867 0.144883
0.835273 0.087345 0.077382
0.753342 0.121389 0.125269
0.744974 0.107634 0.147392
0.786324 0.129605 0.084072
0.728920 0.104915 0.166165
0.431507 0.000010 0.568483
0.432799 0.363107 0.204095
0.594152 0.027572 0.378276
0.736202 0.050372 0.213425
0.604980 0.034734 0.360286
0.555493 0.072667 0.371840
0.732381 0.009244 0.258375
0.807449 0.022801 0.169749
0.850476 0.000010 0.149514
0.653428 0.055867 0.290705
0.733902 0.005869 0.260229
0.730068 0.039335 0.230597
0.716030 0.060476 0.223495
0.658655 0.125695 0.215651
0.528986 0.166409 0.304606
0.591088 0.157783 0.251129
0.652338 0.106705 0.240957
0.387004 0.128770 0.484225
0.671028 0.031040 0.297933
0.734679 0.010253 0.255068
0.581232 0.139155 0.279613
0.621197 0.103021 0.275781
0.597217 0.046478 0.356305
0.758185 0.024213 0.217602
0.737781 0.051221 0.210998
0.822501 0.052725 0.124774
0.437861 0.278549 0.283590
0.662614 0.168535 0.168852
0.668141 0.209422 0.122437
0.798736 0.072261 0.129003
0.650542 0.165276 0.184182
0.685603 0.160914 0.153483
0.662985 0.155949 0.181066
0.666032 0.174139 0.159829
0.796632 0.101734 0.101633
0.709204 0.083193 0.207603
0.679558 0.139667 0.180775
0.710702 0.131793 0.157505
0.620505 0.118026 0.261469
0.754213 0.023516 0.222272
0.459482 0.047343 0.493175
0.900875 0.000010 0.099115
0.957545 0.000010 0.042445
0.611399 0.172611 0.215990
0.595575 0.011459 0.392966
0.402432 0.053962 0.543606
0.631655 0.094284 0.274060
0.704643 0.069334 0.226023
0.590147 0.032581 0.377271
0.578679 0.048614 0.372707
0.583471 0.037975 0.378554
0.468095 0.178329 0.353576
0.419111 0.289202 0.291687
0.501873 0.191136 0.306991
0.817073 0.000010 0.182917
0.827049 0.003711 0.169240
0.840485 0.036230 0.123285
0.862370 0.025118 0.112512
0.386437 0.362035 0.251528
0.629857 0.036872 0.333271
0.712424 0.158353 0.129223
0.889063 0.003890 0.107048
0.852713 0.000010 0.147277
0.786354 0.013481 0.200165
0.506576 0.095085 0.398339
0.514335 0.124288 0.361377
0.607062 0.040876 0.352062
0.639761 0.048298 0.311941
0.732556 0.059022 0.208421
0.402676 0.372021 0.225302
0.467616 0.233892 0.298491
0.328728 0.000010 0.671262
0.548053 0.003786 0.448161
0.341852 0.000010 0.658138
0.043978 0.000010 0.956012
0.516018 0.064954 0.419028
0.405617 0.000637 0.593745
0.162108 0.832393 0.005499
0.301206 0.581907 0.116887
0.035730 0.964260 0.000010
0.147255 0.852735 0.000010
0.062463 0.937527 0.000010
0.132391 0.862334 0.005275
0.019046 0.967752 0.013203
0.142014 0.857976 0.000010
0.219426 0.060172 0.720402
0.304352 0.127943 0.567705
0.088130 0.911860 0.000010
0.006331 0.985855 0.007814
0.098518 0.901472 0.000010
0.155304 0.842526 0.002171
0.082968 0.915865 0.001167
0.133524 0.000010 0.866466
0.233219 0.000010 0.766771
0.000010 0.000010 0.999980
0.245818 0.000010 0.754172
0.056722 0.000010 0.943268
0.177632 0.115986 0.706381
0.000010 0.000010 0.999980
0.060117 0.000010 0.939873
0.207946 0.000010 0.792044
0.254951 0.089018 0.656031
0.267884 0.000010 0.732106
0.319471 0.027204 0.653325
0.000010 0.000010 0.999980
0.232964 0.000010 0.767026
0.149298 0.055866 0.794836
0.163353 0.000010 0.836637
0.259123 0.044190 0.696687
0.226517 0.000010 0.773473
0.348276 0.027894 0.623829
0.144072 0.180963 0.674965
0.088276 0.053270 0.858454
0.025172 0.008776 0.966052
0.111452 0.001207 0.887341
0.086504 0.000010 0.913486
0.082333 0.917152 0.000515
0.147243 0.842989 0.009768
0.000010 0.000010 0.999980
0.315022 0.100421 0.584558
0.383208 0.000010 0.616782
0.035606 0.000010 0.964384
0.342273 0.000010 0.657717
0.295753 0.148784 0.555462
0.149843 0.031240 0.818917
0.047588 0.000010 0.952402
0.331555 0.000010 0.668435
0.218959 0.000010 0.781031
0.287416 0.000010 0.712574
0.246491 0.030893 0.722616
0.219191 0.000010 0.780799
0.084356 0.909776 0.005868
0.135754 0.864236 0.000010
0.444478 0.555512 0.000010
0.155603 0.832164 0.012234
0.071303 0.921599 0.007098
0.250898 0.010408 0.738694
0.102980 0.000010 0.897010
0.121350 0.000010 0.878640
0.202880 0.000010 0.797110
0.180092 0.000010 0.819898
0.303011 0.370182 0.326807
0.173158 0.000010 0.826832
0.167602 0.832388 0.000010
0.159588 0.840402 0.000010
0.083473 0.916517 0.000010
0.031946 0.965420 0.002634
0.142633 0.857357 0.000010
0.027204 0.970668 0.002129
0.016667 0.979022 0.004311
0.071075 0.926806 0.002119
0.141763 0.858227 0.000010
0.345709 0.002826 0.651466
0.317282 0.114244 0.568474
0.066928 0.928594 0.004477
0.164547 0.000010 0.835443
0.104289 0.000010 0.895701
0.063784 0.000010 0.936206
0.039440 0.955490 0.005070
0.168694 0.825090 0.006216
0.068636 0.929873 0.001491
0.172556 0.827434 0.000010
0.069279 0.930397 0.000324
0.117038 0.000010 0.882952
0.076232 0.000010 0.923758
0.052771 0.000010 0.947219
0.344060 0.009784 0.646157
0.440749 0.000010 0.559241
0.080907 0.915538 0.003556
0.190062 0.780501 0.029436
0.004092 0.000010 0.995898
0.185310 0.000010 0.814680
0.220255 0.000010 0.779735
0.060512 0.000010 0.939478
0.082928 0.000010 0.917062
0.004556 0.000010 0.995434
0.000010 0.000010 0.999980
0.157486 0.262471 0.580044
0.039199 0.000010 0.960791
0.327442 0.000010 0.672548
0.099622 0.000010 0.900368
0.040508 0.959176 0.000316
0.215005 0.784985 0.000010
0.212474 0.787516 0.000010
0.169217 0.827830 0.002954
0.192548 0.000010 0.807442
0.251129 0.000010 0.748861
0.023893 0.000010 0.976097
0.143288 0.000010 0.856702
0.394785 0.001940 0.603274
0.136810 0.000010 0.863180
0.187298 0.000010 0.812692
0.183823 0.053005 0.763172
0.061913 0.938077 0.000010
0.120013 0.879977 0.000010
0.116296 0.883694 0.000010
0.373904 0.000010 0.626086
0.072881 0.927109 0.000010
0.131715 0.867016 0.001269
0.061140 0.938850 0.000010
0.059835 0.940155 0.000010
0.125931 0.874059 0.000010
0.079047 0.920943 0.000010
0.020937 0.972866 0.006196
0.120198 0.879792 0.000010
0.095293 0.904697 0.000010
0.252395 0.747595 0.000010
0.134743 0.865247 0.000010
0.027661 0.971811 0.000527
0.226937 0.773053 0.000010
0.423006 0.083060 0.493934
0.171375 0.000010 0.828615
0.079402 0.913046 0.007551
0.423338 0.576652 0.000010
0.377239 0.065189 0.557572
0.087956 0.910353 0.001692
0.091438 0.908552 0.000010
0.115247 0.882416 0.002336
0.061867 0.938123 0.000010
0.009988 0.979492 0.010520
0.171755 0.825495 0.002750
0.061590 0.938400 0.000010
0.081839 0.916714 0.001447
0.140028 0.856971 0.003001
0.068596 0.925995 0.005409
0.082384 0.916665 0.000952
0.164658 0.829817 0.005525
0.139403 0.851487 0.009110
0.089409 0.909521 0.001070
0.089566 0.903814 0.006620
0.114595 0.885395 0.000010
0.272274 0.727716 0.000010
0.130979 0.865270 0.003751
0.083178 0.916812 0.000010
0.048601 0.945501 0.005898
0.225780 0.770068 0.004153
0.170139 0.816010 0.013851
0.100864 0.897150 0.001986
0.078398 0.918752 0.002850
0.063534 0.932788 0.003678
0.193991 0.805999 0.000010
0.043745 0.952501 0.003754
0.178197 0.813658 0.008145
0.089805 0.903662 0.006533
0.068096 0.924706 0.007198
0.042442 0.950965 0.006593
0.114245 0.885745 0.000010
0.099911 0.890411 0.009678
0.061827 0.936300 0.001874
0.108850 0.891140 0.000010
0.214160 0.785830 0.000010
0.156246 0.843744 0.000010
0.999980 0.000010 0.000010
0.999980 0.000010 0.000010
0.999980 0.000010 0.000010
0.999980 0.000010 0.000010
0.999980 0.000010 0.000010
0.999980 0.000010 0.000010
0.999980 0.000010 0.000010
0.999980 0.000010 0.000010
0.999980 0.000010 0.000010
0.999980 0.000010 0.000010
0.999980 0.000010 0.000010
0.999980 0.000010 0.000010
0.999980 0.000010 0.000010
0.999980 0.000010 0.000010
0.999980 0.000010 0.000010
0.999980 0.000010 0.000010
0.999980 0.000010 0.000010
0.999980 0.000010 0.000010
0.996127 0.000010 0.003863
0.999980 0.000010 0.000010
0.999980 0.000010 0.000010
0.999980 0.000010 0.000010
0.999980 0.000010 0.000010
0.999980 0.000010 0.000010
0.999980 0.000010 0.000010
0.999980 0.000010 0.000010
0.999980 0.000010 0.000010
0.999980 0.000010 0.000010
0.999980 0.000010 0.000010
0.999980 0.000010 0.000010
0.999980 0.000010 0.000010
0.999980 0.000010 0.000010
0.999980 0.000010 0.000010
0.999980 0.000010 0.000010
0.999980 0.000010 0.000010
0.999980 0.000010 0.000010
0.999980 0.000010 0.000010
0.999980 0.000010 0.000010
0.999980 0.000010 0.000010
0.999980 0.000010 0.000010
0.999980 0.000010 0.000010
0.996298 0.000010 0.003692
0.999980 0.000010 0.000010
0.999980 0.000010 0.000010
0.999980 0.000010 0.000010
0.999980 0.000010 0.000010
0.999980 0.000010 0.000010
0.999980 0.000010 0.000010
0.994493 0.000010 0.005497
0.999980 0.000010 0.000010
0.999980 0.000010 0.000010
0.993570 0.000010 0.006420
0.999980 0.000010 0.000010
0.999980 0.000010 0.000010
0.991638 0.000010 0.008352
0.999980 0.000010 0.000010
0.999980 0.000010 0.000010
0.999980 0.000010 0.000010
0.999980 0.000010 0.000010
0.999980 0.000010 0.000010
0.991149 0.000010 0.008841
0.999980 0.000010 0.000010
0.999980 0.000010 0.000010
0.999980 0.000010 0.000010
0.987451 0.000010 0.012539
0.999980 0.000010 0.000010
0.999980 0.000010 0.000010
0.999980 0.000010 0.000010
0.999980 0.000010 0.000010
0.999980 0.000010 0.000010
0.999980 0.000010 0.000010
0.999980 0.000010 0.000010
0.999980 0.000010 0.000010
0.999980 0.000010 0.000010
0.999980 0.000010 0.000010
0.999980 0.000010 0.000010
0.999980 0.000010 0.000010
0.999980 0.000010 0.000010
0.999980 0.000010 0.000010
0.999980 0.000010 0.000010
0.990345 0.000010 0.009645
0.999980 0.000010 0.000010
0.996355 0.000010 0.003635
0.999980 0.000010 0.000010
0.999980 0.000010 0.000010
0.999980 0.000010 0.000010
0.999980 0.000010 0.000010
0.999980 0.000010 0.000010
0.999980 0.000010 0.000010
0.999980 0.000010 0.000010
0.999980 0.000010 0.000010
0.999980 0.000010 0.000010
0.999980 0.000010 0.000010
0.999980 0.000010 0.000010
0.999980 0.000010 0.000010
0.999980 0.000010 0.000010
0.999980 0.000010 0.000010
0.999980 0.000010 0.000010
0.999980 0.000010 0.000010
0.000010 0.999980 0.000010
0.000010 0.999980 0.000010
0.000010 0.999980 0.000010
0.000010 0.999980 0.000010
0.000010 0.999980 0.000010
0.000010 0.999980 0.000010
0.000010 0.999980 0.000010
0.000010 0.999980 0.000010
0.000010 0.999980 0.000010
0.000010 0.999980 0.000010
0.000010 0.999980 0.000010
0.000010 0.999980 0.000010
0.000010 0.999980 0.000010
0.000010 0.999980 0.000010
0.000010 0.999980 0.000010
0.000010 0.999980 0.000010
0.000010 0.999980 0.000010
0.000010 0.999980 0.000010
0.000010 0.999980 0.000010
0.000010 0.999980 0.000010
0.000010 0.999980 0.000010
0.000010 0.999980 0.000010
0.000010 0.999980 0.000010
0.000010 0.999980 0.000010
0.000010 0.999980 0.000010
0.000010 0.999864 0.000126
0.000010 0.999980 0.000010
0.000010 0.999980 0.000010
0.000010 0.999980 0.000010
0.000010 0.999980 0.000010
0.000010 0.999980 0.000010
0.000010 0.999980 0.000010
0.000010 0.999980 0.000010
0.000010 0.999980 0.000010
0.000010 0.999980 0.000010
0.000010 0.999980 0.000010
0.000010 0.999980 0.000010
0.000010 0.999980 0.000010
0.000010 0.999980 0.000010
0.000010 0.997540 0.002450
0.000010 0.999980 0.000010
0.000010 0.999980 0.000010
0.000010 0.999980 0.000010
0.000010 0.999980 0.000010
0.000010 0.999980 0.000010
0.000010 0.999980 0.000010
0.000010 0.999980 0.000010
0.000010 0.999980 0.000010
0.000010 0.999980 0.000010
0.000010 0.999980 0.000010
0.000010 0.999980 0.000010
0.000010 0.999980 0.000010
0.000010 0.999980 0.000010
0.000010 0.999980 0.000010
0.000010 0.999980 0.000010
0.000010 0.999980 0.000010
0.000010 0.995712 0.004278
0.000010 0.999980 0.000010
0.000010 0.999980 0.000010
0.000010 0.999980 0.000010
0.000010 0.999980 0.000010
0.001693 0.990657 0.007650
0.000010 0.999980 0.000010
0.000010 0.999980 0.000010
0.000010 0.999980 0.000010
0.000010 0.999980 0.000010
0.000010 0.999980 0.000010
0.000010 0.999980 0.000010
0.000010 0.999980 0.000010
0.000010 0.999980 0.000010
0.000010 0.999980 0.000010
0.000010 0.999980 0.000010
0.000010 0.999980 0.000010
0.000010 0.999980 0.000010
0.000010 0.999980 0.000010
0.000010 0.999980 0.000010
0.000010 0.999980 0.000010
0.000010 0.999980 0.000010
0.000010 0.999980 0.000010
0.000010 0.999980 0.000010
0.000010 0.999980 0.000010
0.000010 0.999980 0.000010
0.000010 0.999980 0.000010
0.000010 0.999980 0.000010
0.000010 0.999980 0.000010
0.000010 0.999980 0.000010
0.000010 0.999980 0.000010
0.000010 0.999980 0.000010
0.000010 0.999980 0.000010
0.000010 0.999980 0.000010
0.000010 0.999980 0.000010
0.000010 0.999980 0.000010
0.000010 0.999980 0.000010
0.000010 0.999980 0.000010
0.000010 0.999980 0.000010
0.000010 0.999980 0.000010
0.000010 0.999980 0.000010
0.000010 0.999980 0.000010
0.000010 0.999980 0.000010
0.000010 0.999980 0.000010
0.000010 0.999980 0.000010
0.000010 0.999980 0.000010
0.000010 0.999980 0.000010
0.000010 0.999980 0.000010
0.000010 0.999980 0.000010
0.000010 0.999980 0.000010
0.000010 0.999980 0.000010
0.000010 0.999980 0.000010
0.142734 0.644552 0.212714
0.934295 0.000010 0.065695
0.764467 0.029867 0.205665
0.700461 0.058484 0.241056
0.696099 0.046297 0.257604
0.418832 0.055629 0.525539
0.663229 0.041744 0.295027
0.394113 0.049988 0.555899
0.654967 0.027888 0.317146
0.493345 0.044984 0.461670
0.359170 0.063631 0.577199
0.460985 0.060267 0.478749
0.660260 0.024815 0.314925
0.504260 0.048637 0.447103
0.671396 0.038770 0.289834
0.735015 0.067917 0.197068
0.937223 0.023371 0.039406
0.386979 0.048437 0.564584
0.508167 0.019514 0.472319
0.716836 0.004015 0.279149
0.177790 0.811026 0.011183
0.139851 0.827189 0.032961
0.173070 0.826920 0.000010
0.168119 0.828262 0.003619
0.269266 0.715955 0.014778
0.112479 0.876894 0.010627
0.120975 0.869731 0.009294
0.282868 0.717122 0.000010
0.431444 0.050267 0.518289
0.391149 0.045577 0.563273
0.543251 0.065701 0.391048
0.328215 0.048123 0.623662
0.512133 0.050099 0.437768
0.438273 0.082235 0.479492
0.626415 0.040790 0.332795
0.393391 0.007586 0.599023
0.094187 0.000010 0.905803
0.138832 0.000010 0.861158
0.055653 0.000010 0.944337
0.071772 0.000010 0.928218
0.374065 0.012562 0.613373
0.173854 0.017874 0.808272
0.238567 0.027647 0.733786
0.196587 0.000010 0.803403
0.309434 0.034435 0.656131
0.466889 0.031480 0.501631
0.592194 0.051819 0.355987
0.694468 0.041545 0.263987
0.499865 0.029477 0.470658
0.305189 0.047254 0.647557
0.475621 0.068733 0.455647
0.252754 0.011138 0.736108
0.274136 0.019473 0.706391
0.425635 0.059179 0.515186
0.354370 0.061699 0.583930
0.580620 0.051055 0.368325
0.574457 0.054535 0.371009
0.483875 0.048252 0.467873
0.615733 0.027064 0.357203
0.474406 0.064617 0.460977
0.458316 0.099365 0.442320
0.512842 0.087018 0.400141
0.668891 0.043949 0.287160
0.620795 0.034418 0.344787
0.511476 0.065641 0.422883
0.300766 0.007120 0.692114
0.311400 0.048663 0.639937
0.412887 0.035538 0.551575
0.345488 0.041101 0.613411
0.503983 0.074948 0.421068
0.635545 0.064565 0.299890
0.668612 0.034183 0.297205
0.478468 0.064404 0.457128
0.277719 0.712323 0.009958
0.285755 0.704899 0.009346
0.257912 0.740383 0.001705
0.165484 0.834506 0.000010
0.180121 0.810415 0.009465
0.091678 0.890750 0.017572
0.185590 0.814400 0.000010
0.128671 0.869257 0.002072
0.111711 0.855730 0.032559
0.159387 0.826828 0.013785
0.296186 0.696569 0.007245
0.125431 0.874559 0.000010
0.091882 0.897052 0.011065
0.109915 0.884004 0.006081
0.347010 0.554447 0.098543
0.284996 0.705376 0.009628
0.387040 0.612950 0.000010
0.132513 0.855123 0.012364
0.145652 0.846252 0.008096
0.297369 0.697072 0.005559
0.107859 0.892131 0.000010
0.254598 0.308100 0.437302
0.203547 0.793705 0.002747
0.521146 0.477511 0.001343
0.183027 0.816963 0.000010
0.276320 0.717772 0.005908
0.165928 0.824749 0.009323
0.227867 0.769395 0.002738
0.033727 0.966263 0.000010
0.132083 0.859877 0.008041
0.219049 0.768789 0.012162
0.061045 0.916839 0.022116
0.164204 0.416495 0.419301
0.373578 0.000010 0.626412
0.306227 0.691180 0.002593
0.265724 0.695580 0.038696
0.108056 0.877032 0.014912
0.231510 0.763251 0.005239
0.223338 0.769175 0.007487
0.367820 0.632170 0.000010
0.093114 0.862141 0.044745
0.166746 0.823612 0.009642
0.380264 0.600393 0.019343
0.147011 0.830853 0.022135
0.164776 0.828834 0.006390
0.350165 0.642237 0.007598
0.186415 0.813575 0.000010
0.142162 0.851448 0.006390
0.120175 0.872596 0.007230
0.233101 0.760117 0.006781
0.224322 0.771338 0.004340
0.223514 0.743097 0.033388
