0.760601 0.189693 0.032996 0.016711
0.894023 0.000010 0.000010 0.105957
0.773648 0.226332 0.000010 0.000010
0.847462 0.152518 0.000010 0.000010
0.974294 0.000010 0.000010 0.025686
0.999970 0.000010 0.000010 0.000010
0.787893 0.212087 0.000010 0.000010
0.615883 0.106550 0.000010 0.277557
0.694231 0.303699 0.000010 0.002060
0.999970 0.000010 0.000010 0.000010
0.897548 0.102432 0.000010 0.000010
0.988209 0.011771 0.000010 0.000010
0.946366 0.000010 0.000010 0.053614
0.820743 0.074645 0.024129 0.080483
0.754398 0.216905 0.000010 0.028686
0.714501 0.160601 0.020661 0.104237
0.728968 0.246792 0.000010 0.024230
0.683447 0.209234 0.000010 0.107309
0.707927 0.274018 0.000010 0.018045
0.760240 0.001397 0.000010 0.238353
0.750004 0.102044 0.000010 0.147942
0.785387 0.209105 0.000010 0.005497
0.999965 0.000015 0.000010 0.000010
0.873535 0.126445 0.000010 0.000010
0.999970 0.000010 0.000010 0.000010
0.733413 0.186709 0.025275 0.054603
0.843149 0.156831 0.000010 0.000010
0.757153 0.242827 0.000010 0.000010
0.808941 0.160168 0.000010 0.030880
0.798648 0.201332 0.000010 0.000010
0.832853 0.167127 0.000010 0.000010
0.822358 0.177508 0.000010 0.000124
0.855001 0.144979 0.000010 0.000010
0.793977 0.206003 0.000010 0.000010
0.776625 0.223355 0.000010 0.000010
0.819955 0.180025 0.000010 0.000010
0.762736 0.237244 0.000010 0.000010
0.823279 0.176701 0.000010 0.000010
0.806035 0.193945 0.000010 0.000010
0.005082 0.961189 0.000010 0.033718
0.018310 0.891615 0.000010 0.090064
0.000010 0.960227 0.000010 0.039753
0.006543 0.926078 0.000010 0.067369
0.073021 0.883473 0.000010 0.043496
0.006214 0.941283 0.000010 0.052493
0.000010 0.924178 0.000010 0.075802
0.000010 0.953958 0.000010 0.046022
0.000010 0.829079 0.000010 0.170901
0.000010 0.917573 0.000010 0.082407
0.030578 0.893044 0.000010 0.076368
0.024222 0.952949 0.000010 0.022819
0.000010 0.977081 0.000010 0.022899
0.005001 0.873041 0.000010 0.121948
0.030468 0.831828 0.000010 0.137694
0.040668 0.941006 0.000010 0.018316
0.047667 0.820342 0.000010 0.131981
0.180620 0.771923 0.000010 0.047447
0.000010 0.999970 0.000010 0.000010
0.030785 0.882034 0.000010 0.087171
0.000010 0.870606 0.000010 0.129374
0.047359 0.794288 0.081942 0.076410
0.010710 0.988875 0.000010 0.000404
0.009702 0.957426 0.000010 0.032861
0.000010 0.999970 0.000010 0.000010
0.000011 0.999969 0.000010 0.000010
0.000010 0.999970 0.000010 0.000010
0.000010 0.999970 0.000010 0.000010
0.000010 0.999970 0.000010 0.000010
0.000010 0.999970 0.000010 0.000010
0.000010 0.999970 0.000010 0.000010
0.000010 0.999970 0.000010 0.000010
0.000010 0.999970 0.000010 0.000010
0.000010 0.999970 0.000010 0.000010
0.000010 0.999970 0.000010 0.000010
0.000010 0.999970 0.000010 0.000010
0.000010 0.999970 0.000010 0.000010
0.000010 0.999970 0.000010 0.000010
0.000010 0.999970 0.000010 0.000010
0.028395 0.957354 0.000010 0.014240
0.000010 0.999970 0.000010 0.000010
0.000010 0.980525 0.000010 0.019455
0.000010 0.999970 0.000010 0.000010
0.000010 0.999970 0.000010 0.000010
0.000010 0.999970 0.000010 0.000010
0.000010 0.999970 0.000010 0.000010
0.000010 0.999970 0.000010 0.000010
0.000010 0.999970 0.000010 0.000010
0.000010 0.999970 0.000010 0.000010
0.101629 0.028411 0.085550 0.784409
0.145845 0.040728 0.173777 0.639650
0.071368 0.038576 0.081219 0.808837
0.065628 0.058031 0.147955 0.728386
0.145023 0.002642 0.170067 0.682269
0.088705 0.005297 0.068828 0.837170
0.079147 0.070865 0.080436 0.769552
0.073119 0.000492 0.022756 0.903634
0.087986 0.031925 0.048592 0.831497
0.160417 0.033807 0.107624 0.698152
0.053495 0.041330 0.059539 0.845635
0.072468 0.022792 0.071208 0.833532
0.035762 0.023250 0.048244 0.892744
0.105284 0.033416 0.121126 0.740174
0.015519 0.028569 0.054952 0.900961
0.113682 0.099381 0.089454 0.697482
0.052552 0.042919 0.075654 0.828874
0.090555 0.034975 0.110083 0.764387
0.105243 0.024453 0.215745 0.654559
0.109058 0.068434 0.212861 0.609648
0.128382 0.042705 0.212353 0.616560
0.119745 0.037707 0.058053 0.784495
0.067644 0.021632 0.122453 0.788270
0.121294 0.026880 0.126065 0.725762
0.073316 0.032248 0.087095 0.807341
0.092733 0.040406 0.059880 0.806982
0.113793 0.015713 0.339994 0.530500
0.092919 0.013941 0.171297 0.721844
0.101460 0.015004 0.070600 0.812935
0.082706 0.042120 0.084695 0.790479
0.118232 0.033925 0.087830 0.760013
0.125364 0.022148 0.049163 0.803324
0.088463 0.036085 0.085138 0.790315
0.115884 0.027409 0.075433 0.781274
0.046397 0.000010 0.085619 0.867974
0.120514 0.051996 0.182658 0.644833
0.075773 0.044719 0.162784 0.716723
0.135780 0.069116 0.086778 0.708326
0.097439 0.038801 0.206751 0.657009
0.099048 0.041122 0.092122 0.767708
0.086051 0.032063 0.120614 0.761272
0.140193 0.042463 0.120405 0.696939
0.073344 0.040605 0.181955 0.704096
0.083605 0.045283 0.150099 0.721013
0.074865 0.046039 0.244345 0.634751
0.089154 0.027582 0.126777 0.756486
0.083357 0.039930 0.110079 0.766634
0.083182 0.058897 0.083717 0.774204
0.129973 0.003795 0.090010 0.776222
0.112036 0.045602 0.147447 0.694915
0.114092 0.003802 0.169531 0.712575
0.070231 0.040977 0.080053 0.808738
0.067797 0.004772 0.079401 0.848030
0.090646 0.020749 0.217578 0.671027
0.040101 0.024379 0.623387 0.312133
0.108190 0.031536 0.117581 0.742694
0.085332 0.051010 0.112628 0.751031
0.052905 0.003428 0.017872 0.925795
0.213449 0.066570 0.007657 0.712324
0.083635 0.023436 0.043419 0.849510
0.196680 0.108262 0.040288 0.654770
0.145423 0.074362 0.062509 0.717706
0.155829 0.123468 0.138924 0.581780
0.143579 0.097809 0.096159 0.662453
0.153494 0.085213 0.063247 0.698046
0.162332 0.065994 0.057339 0.714336
0.116292 0.037571 0.018243 0.827894
0.125006 0.086826 0.121404 0.666764
0.177539 0.086397 0.091717 0.644348
0.224990 0.108322 0.019900 0.646788
0.189543 0.096250 0.175374 0.538832
0.151047 0.095386 0.040425 0.713143
0.201121 0.152613 0.180263 0.466003
0.172538 0.074373 0.052049 0.701040
0.271089 0.157856 0.101389 0.469666
0.106081 0.050383 0.176347 0.667189
0.121572 0.029438 0.099307 0.749684
0.086495 0.023952 0.097301 0.792251
0.098128 0.037953 0.220262 0.643657
0.040368 0.019357 0.028331 0.911944
0.103676 0.049368 0.117862 0.729095
0.090580 0.050384 0.171485 0.687551
0.039749 0.010958 0.068950 0.880343
0.096103 0.016470 0.061368 0.826060
0.101300 0.054025 0.087252 0.757423
0.141692 0.048475 0.067412 0.742422
0.069805 0.071673 0.126785 0.731737
0.105342 0.039516 0.124668 0.730474
0.159355 0.081633 0.182468 0.576545
0.133195 0.071866 0.218429 0.576511
0.138154 0.075206 0.155429 0.631211
0.161536 0.037498 0.097578 0.703388
0.093967 0.036235 0.061153 0.808645
0.087918 0.051578 0.177827 0.682677
0.087436 0.000010 0.042794 0.869760
0.096663 0.023470 0.103761 0.776107
0.097539 0.013739 0.122257 0.766465
0.038423 0.033330 0.682742 0.245505
0.060296 0.000010 0.505353 0.434341
0.104351 0.055542 0.201158 0.638950
0.084280 0.031664 0.105951 0.778106
0.149445 0.161883 0.073771 0.614901
0.184651 0.065114 0.016629 0.733606
0.156435 0.068626 0.042766 0.732173
0.207829 0.077919 0.167461 0.546791
0.121590 0.038569 0.003243 0.836599
0.176906 0.113020 0.009754 0.700320
0.069899 0.045544 0.026595 0.857963
0.171094 0.128323 0.125153 0.575430
0.139746 0.113638 0.062296 0.684319
0.148691 0.085649 0.074882 0.690778
0.209206 0.099448 0.181851 0.509495
0.040617 0.000010 0.000010 0.959363
0.264325 0.089832 0.010766 0.635077
0.172608 0.085684 0.017608 0.724099
0.147931 0.102757 0.029259 0.720053
0.130711 0.093166 0.066698 0.709425
0.115143 0.030036 0.223563 0.631257
0.113845 0.068390 0.105560 0.712205
0.143340 0.039846 0.116123 0.700692
0.120849 0.045244 0.145433 0.688474
0.092939 0.057768 0.232610 0.616683
0.087134 0.000010 0.090718 0.822138
0.065295 0.047481 0.118791 0.768433
0.118442 0.036362 0.105772 0.739424
0.069234 0.018061 0.131047 0.781658
0.135560 0.031652 0.097702 0.735085
0.335429 0.237842 0.001326 0.425403
0.155455 0.060863 0.364864 0.418818
0.203675 0.183223 0.031257 0.581846
0.158258 0.059340 0.053890 0.728513
0.269185 0.115656 0.040225 0.574934
0.249837 0.137095 0.069401 0.543667
0.166424 0.102511 0.014952 0.716113
0.155362 0.028592 0.021883 0.794162
0.111213 0.039148 0.011376 0.838264
0.157976 0.144954 0.055762 0.641307
0.150378 0.118940 0.012100 0.718582
0.162043 0.077924 0.040403 0.719630
0.159735 0.064842 0.065458 0.709966
0.160930 0.058827 0.123464 0.656779
0.201255 0.108744 0.168070 0.521931
0.123049 0.130103 0.151010 0.595838
0.168449 0.085463 0.106018 0.640070
0.312250 0.183027 0.125306 0.379417
0.205343 0.100133 0.033231 0.661293
0.203370 0.049141 0.010711 0.736778
0.158257 0.127944 0.143688 0.570110
0.196287 0.096516 0.098747 0.608450
0.248669 0.125186 0.043383 0.582762
0.190226 0.049509 0.026721 0.733544
0.156759 0.063834 0.058045 0.721362
0.115554 0.010954 0.059506 0.813987
0.175969 0.107487 0.284008 0.432536
0.137923 0.036724 0.165311 0.660042
0.083300 0.048033 0.201251 0.667416
0.075436 0.043279 0.083040 0.798245
0.135873 0.056628 0.170798 0.636701
0.099855 0.059767 0.159661 0.680716
0.148449 0.048148 0.149998 0.653404
0.116437 0.052186 0.179330 0.652046
0.106807 0.000010 0.101849 0.791334
0.125858 0.081766 0.081617 0.710759
0.123616 0.061094 0.130660 0.684631
0.106096 0.058861 0.127026 0.708017
0.160220 0.110420 0.108431 0.620929
0.138226 0.084515 0.030992 0.746267
0.264311 0.229678 0.042463 0.463547
0.066920 0.038923 0.007524 0.886634
0.033654 0.006362 0.009383 0.950600
0.157704 0.053884 0.182511 0.605900
0.210936 0.202138 0.015893 0.571033
0.271617 0.281743 0.045972 0.400668
0.198108 0.079886 0.095061 0.626945
0.181607 0.060129 0.074537 0.683727
0.249046 0.140469 0.035219 0.575266
0.266917 0.110123 0.044931 0.578030
0.218621 0.172792 0.041556 0.567031
0.230892 0.139683 0.179499 0.449926
0.209125 0.099968 0.286287 0.404621
0.152541 0.152061 0.195603 0.499796
0.167229 0.027676 0.013904 0.791190
0.145604 0.025049 0.014830 0.814517
0.111469 0.030681 0.025021 0.832829
0.083638 0.020351 0.024061 0.871950
0.150302 0.116773 0.347307 0.385618
0.195404 0.150170 0.028346 0.626080
0.069670 0.065083 0.163742 0.701505
0.098219 0.018154 0.013930 0.869697
0.112371 0.033805 0.007895 0.845930
0.142764 0.060112 0.017936 0.779188
0.234246 0.171241 0.098306 0.496207
0.237755 0.142490 0.120736 0.499019
0.175510 0.167566 0.039124 0.617800
0.181304 0.138652 0.051917 0.628128
0.143600 0.071720 0.053128 0.731553
0.130795 0.094814 0.373340 0.401051
0.184018 0.124110 0.221265 0.470607
0.185035 0.482782 0.000010 0.332173
0.152144 0.305912 0.013327 0.528617
0.000010 0.642867 0.000010 0.357113
0.000010 0.948419 0.000010 0.051561
0.086922 0.329049 0.066076 0.517953
0.103730 0.488031 0.006190 0.402048
0.009053 0.000010 0.837877 0.153060
0.079440 0.034835 0.582088 0.303636
0.000010 0.000010 0.956478 0.043502
0.000010 0.000556 0.852661 0.146773
0.000010 0.000774 0.934751 0.064465
0.000010 0.004730 0.870668 0.124593
0.000010 0.000010 0.968009 0.031971
0.000010 0.004095 0.858345 0.137549
0.180640 0.536097 0.062863 0.220400
0.127814 0.440556 0.125388 0.306242
0.000010 0.000010 0.915800 0.084180
0.006796 0.000010 0.971762 0.021432
0.000010 0.000010 0.896715 0.103265
0.002857 0.000010 0.837624 0.159509
0.000010 0.000010 0.916103 0.083877
0.001100 0.844324 0.000010 0.154566
0.014954 0.739521 0.000010 0.245515
0.000010 0.979167 0.000010 0.020813
0.162258 0.593586 0.000010 0.244146
0.000010 0.927100 0.000010 0.072880
0.131885 0.569746 0.119355 0.179014
0.049746 0.950234 0.000010 0.000010
0.087388 0.840691 0.000010 0.071911
0.045575 0.750398 0.000010 0.204016
0.186741 0.464805 0.087762 0.260692
0.000010 0.728761 0.000010 0.271219
0.020661 0.613668 0.035203 0.330468
0.156514 0.843466 0.000010 0.000010
0.031787 0.721208 0.000010 0.246995
0.270090 0.530696 0.064442 0.134772
0.114958 0.719080 0.000010 0.165953
0.293162 0.426502 0.038997 0.241340
0.000010 0.773607 0.000010 0.226373
0.242814 0.374341 0.026426 0.356419
0.120616 0.545882 0.181289 0.152213
0.289900 0.557672 0.057119 0.095309
0.307630 0.660514 0.014187 0.017669
0.084294 0.783412 0.008342 0.123953
0.029459 0.858217 0.000010 0.112314
0.000010 0.000010 0.912826 0.087154
0.009642 0.000010 0.850174 0.140174
0.030728 0.964724 0.000010 0.004538
0.210796 0.374667 0.087371 0.327165
0.059322 0.557336 0.000010 0.383331
0.090976 0.864346 0.000010 0.044668
0.010149 0.641047 0.000010 0.348794
0.114570 0.439677 0.158231 0.287522
0.059453 0.750919 0.032085 0.157543
0.256428 0.699833 0.000010 0.043729
0.000010 0.654513 0.006029 0.339449
0.089123 0.695517 0.000010 0.215349
0.000010 0.694305 0.003434 0.302251
0.088766 0.630515 0.030835 0.249884
0.034227 0.737454 0.000010 0.228308
0.000010 0.001628 0.905461 0.092902
0.000010 0.000010 0.855208 0.144772
0.000010 0.001648 0.563069 0.435273
0.008398 0.000010 0.834554 0.157038
0.000010 0.000010 0.916891 0.083089
0.013317 0.716621 0.021016 0.249046
0.148201 0.747033 0.000010 0.104756
0.139671 0.730601 0.000010 0.129718
0.110998 0.664495 0.000010 0.224497
0.000010 0.798553 0.000010 0.201427
0.031893 0.278397 0.382915 0.306795
0.214165 0.607835 0.005571 0.172429
0.000010 0.000010 0.838147 0.161833
0.000010 0.000010 0.836580 0.163400
0.000010 0.000010 0.915518 0.084462
0.000010 0.000113 0.958011 0.041866
0.000010 0.000010 0.864945 0.135035
0.000010 0.003824 0.972694 0.023471
0.000010 0.000010 0.973003 0.026977
0.000288 0.000010 0.919315 0.080386
0.000953 0.000762 0.855717 0.142568
0.036362 0.609787 0.003001 0.350850
0.106888 0.446456 0.124790 0.321866
0.002430 0.000010 0.929660 0.067900
0.103033 0.721982 0.015445 0.159540
0.039515 0.845813 0.000010 0.114662
0.134968 0.802708 0.000010 0.062315
0.000941 0.000010 0.957538 0.041511
0.000010 0.000010 0.811422 0.188558
0.000010 0.001733 0.921929 0.076327
0.000015 0.000010 0.830635 0.169339
0.000010 0.000010 0.927361 0.072619
0.000010 0.879880 0.000010 0.120100
0.042842 0.864767 0.000010 0.092380
0.001478 0.937316 0.000010 0.061196
0.132638 0.509562 0.013968 0.343832
0.014433 0.528948 0.002805 0.453814
0.000913 0.003857 0.919323 0.075907
0.000235 0.025255 0.770737 0.203772
0.000010 0.977230 0.000010 0.022750
0.099167 0.715090 0.000010 0.185733
0.105240 0.667835 0.000010 0.226916
0.000010 0.931523 0.000010 0.068457
0.292351 0.630104 0.000010 0.077535
0.000010 0.974301 0.000010 0.025679
0.000010 0.999970 0.000010 0.000010
0.021586 0.557408 0.257509 0.163497
0.000010 0.940101 0.000010 0.059879
0.163114 0.507171 0.000010 0.329705
0.159529 0.734464 0.002092 0.103915
0.000010 0.000010 0.954558 0.045422
0.000010 0.001314 0.786108 0.212568
0.002199 0.000010 0.785342 0.212450
0.000010 0.000010 0.826553 0.173427
0.148541 0.648035 0.000010 0.203415
0.078828 0.659763 0.000735 0.260673
0.000010 0.967599 0.000010 0.032381
0.000010 0.847905 0.000010 0.152075
0.059766 0.535201 0.008710 0.396323
0.056848 0.796471 0.000010 0.146671
0.069860 0.723416 0.000010 0.206714
0.186584 0.582818 0.052986 0.177612
0.000831 0.000010 0.931078 0.068081
0.000010 0.000010 0.889426 0.110554
0.003844 0.000010 0.887791 0.108356
0.074947 0.528635 0.000855 0.395563
0.000417 0.000010 0.922404 0.077169
0.000010 0.001551 0.870630 0.127809
0.000010 0.000010 0.940759 0.059221
0.000010 0.000010 0.941686 0.058294
0.000010 0.000010 0.866787 0.133193
0.000010 0.000010 0.920730 0.079250
0.000010 0.005035 0.961477 0.033479
0.000010 0.000010 0.887569 0.112411
0.000010 0.000010 0.901343 0.098637
0.000010 0.000010 0.744046 0.255934
0.000486 0.000010 0.879421 0.120083
0.001470 0.000010 0.972323 0.026196
0.000010 0.000010 0.777175 0.222805
0.139681 0.354257 0.081015 0.425048
0.036551 0.785608 0.000313 0.177528
0.007111 0.000010 0.922674 0.070205
0.000010 0.000010 0.567930 0.432050
0.234536 0.330452 0.061900 0.373111
0.000010 0.000010 0.913042 0.086938
0.000010 0.000010 0.908212 0.091768
0.002903 0.003077 0.877531 0.116489
0.002207 0.000010 0.932799 0.064984
0.003139 0.000010 0.975693 0.021158
0.000010 0.000010 0.831051 0.168929
0.000010 0.000010 0.935437 0.064543
0.000010 0.000010 0.913678 0.086302
0.000010 0.005861 0.850601 0.143528
0.000010 0.000010 0.936738 0.063242
0.000013 0.000010 0.917484 0.082493
0.007224 0.000010 0.830903 0.161863
0.002770 0.000010 0.854374 0.142846
0.000010 0.000010 0.905133 0.094847
0.004378 0.000010 0.907458 0.088154
0.000010 0.000010 0.887456 0.112524
0.000010 0.000010 0.724569 0.275411
0.004504 0.000010 0.865108 0.130378
0.000010 0.000010 0.911883 0.088097
0.002833 0.004226 0.940858 0.052084
0.000010 0.000010 0.784293 0.215687
0.000010 0.004524 0.814980 0.180485
0.002507 0.000010 0.895046 0.102437
0.001714 0.000010 0.917162 0.081114
0.006958 0.000010 0.929092 0.063940
0.000010 0.001874 0.804341 0.193775
0.000010 0.000010 0.952184 0.047796
0.000010 0.000010 0.812032 0.187948
0.000010 0.000010 0.904913 0.095067
0.008459 0.001660 0.922561 0.067320
0.000010 0.000010 0.954669 0.045311
0.000604 0.001398 0.885401 0.112597
0.000010 0.002124 0.893577 0.104289
0.003473 0.000010 0.941934 0.054583
0.006571 0.000010 0.895167 0.098252
0.000010 0.000010 0.785536 0.214444
0.000010 0.000010 0.851116 0.148864
0.000010 0.000010 0.000010 0.999970
0.000010 0.000010 0.000010 0.999970
0.000010 0.000010 0.000010 0.999970
0.000010 0.000010 0.000010 0.999970
0.000010 0.000010 0.000010 0.999970
0.000010 0.000010 0.000010 0.999970
0.000010 0.000010 0.000010 0.999970
0.000010 0.000010 0.000010 0.999970
0.000010 0.000010 0.000010 0.999970
0.000010 0.000010 0.000010 0.999970
0.000010 0.000010 0.000010 0.999970
0.000010 0.000070 0.000010 0.999910
0.000010 0.000010 0.000010 0.999970
0.000010 0.000010 0.000010 0.999970
0.000018 0.000010 0.000010 0.999962
0.000010 0.000010 0.000010 0.999970
0.000010 0.000010 0.000010 0.999970
0.000010 0.000010 0.000010 0.999970
0.000010 0.011493 0.000010 0.988487
0.000010 0.000010 0.000010 0.999970
0.000010 0.001837 0.000010 0.998143
0.000010 0.000010 0.000010 0.999970
0.000010 0.000010 0.000010 0.999970
0.000010 0.000010 0.000010 0.999970
0.002181 0.000010 0.000010 0.997799
0.000010 0.000010 0.000010 0.999970
0.000010 0.000010 0.000010 0.999970
0.000010 0.001410 0.000010 0.998570
0.000010 0.000010 0.000010 0.999970
0.000010 0.000010 0.000010 0.999970
0.000010 0.000010 0.000010 0.999970
0.000010 0.000010 0.000010 0.999970
0.000010 0.004560 0.000010 0.995420
0.000010 0.000010 0.000010 0.999970
0.007857 0.003816 0.000010 0.988317
0.000010 0.000010 0.000010 0.999970
0.000010 0.000010 0.000010 0.999970
0.000010 0.000010 0.000010 0.999970
0.000010 0.000010 0.000010 0.999970
0.000010 0.000010 0.000010 0.999970
0.000010 0.002806 0.000010 0.997174
0.000010 0.006843 0.000010 0.993137
0.000010 0.000010 0.000010 0.999970
0.000010 0.000010 0.000010 0.999970
0.000010 0.000010 0.000010 0.999970
0.000010 0.000010 0.000010 0.999970
0.000010 0.000010 0.000010 0.999970
0.000010 0.000010 0.000010 0.999970
0.000010 0.009236 0.000010 0.990744
0.000010 0.000010 0.000010 0.999970
0.000010 0.000010 0.000010 0.999970
0.000010 0.008418 0.000010 0.991562
0.000010 0.000010 0.000010 0.999970
0.000010 0.000010 0.000010 0.999970
0.015340 0.000010 0.000010 0.984640
0.000010 0.000010 0.000010 0.999970
0.000010 0.000010 0.000010 0.999970
0.000010 0.000010 0.000010 0.999970
0.000010 0.000010 0.000010 0.999970
0.000010 0.000010 0.000010 0.999970
0.017320 0.000010 0.000010 0.982660
0.000010 0.000010 0.000010 0.999970
0.000010 0.000010 0.000010 0.999970
0.000017 0.000010 0.000010 0.999963
0.006106 0.000012 0.000010 0.993873
0.000010 0.006443 0.000010 0.993537
0.000010 0.000010 0.000010 0.999970
0.001917 0.000010 0.000010 0.998063
0.000010 0.000010 0.000010 0.999970
0.000010 0.002513 0.000010 0.997467
0.000010 0.000010 0.000010 0.999970
0.000010 0.000010 0.000010 0.999970
0.000010 0.000010 0.000010 0.999970
0.000010 0.000010 0.000010 0.999970
0.000010 0.000010 0.000010 0.999970
0.000010 0.000010 0.000010 0.999970
0.000010 0.000010 0.000010 0.999970
0.000010 0.000010 0.000010 0.999970
0.000010 0.000010 0.000010 0.999970
0.000010 0.000010 0.000010 0.999970
0.000010 0.002165 0.000010 0.997815
0.000010 0.000010 0.000010 0.999970
0.000010 0.000010 0.000010 0.999970
0.000010 0.000010 0.000010 0.999970
0.000010 0.000010 0.000010 0.999970
0.000010 0.000010 0.000010 0.999970
0.000010 0.000010 0.000010 0.999970
0.000010 0.000476 0.000010 0.999504
0.000010 0.000010 0.000010 0.999970
0.000011 0.000010 0.000010 0.999969
0.000266 0.000010 0.000010 0.999714
0.000010 0.000010 0.000010 0.999970
0.002082 0.002345 0.000010 0.995563
0.004364 0.000010 0.000010 0.995616
0.000010 0.001278 0.000010 0.998702
0.000010 0.000010 0.000010 0.999970
0.000010 0.000010 0.000010 0.999970
0.000010 0.000010 0.000010 0.999970
0.000010 0.001118 0.000010 0.998862
0.000010 0.000010 0.999970 0.000010
0.000010 0.000010 0.999970 0.000010
0.000010 0.000010 0.999970 0.000010
0.000010 0.000010 0.999970 0.000010
0.000010 0.000010 0.999970 0.000010
0.000010 0.000010 0.999970 0.000010
0.000010 0.000010 0.999970 0.000010
0.000010 0.000010 0.999970 0.000010
0.000010 0.000010 0.999970 0.000010
0.000010 0.000010 0.999970 0.000010
0.000010 0.000010 0.999970 0.000010
0.000010 0.000010 0.999970 0.000010
0.000010 0.000010 0.999970 0.000010
0.000010 0.000010 0.999970 0.000010
0.000010 0.000010 0.999970 0.000010
0.000014 0.000010 0.999966 0.000010
0.000010 0.000010 0.999970 0.000010
0.000010 0.000010 0.999970 0.000010
0.000010 0.000010 0.999970 0.000010
0.000010 0.000010 0.999970 0.000010
0.000010 0.000010 0.999970 0.000010
0.000010 0.000010 0.999970 0.000010
0.000010 0.000010 0.999970 0.000010
0.000010 0.000010 0.999970 0.000010
0.000010 0.000010 0.999970 0.000010
0.000010 0.000010 0.999970 0.000010
0.000010 0.000010 0.999970 0.000010
0.000010 0.000010 0.999970 0.000010
0.000010 0.000010 0.999970 0.000010
0.000010 0.000010 0.999970 0.000010
0.000010 0.000010 0.999970 0.000010
0.000010 0.000010 0.999970 0.000010
0.000010 0.000010 0.999970 0.000010
0.000010 0.000010 0.997333 0.002647
0.000010 0.000010 0.999970 0.000010
0.000010 0.000010 0.999970 0.000010
0.000010 0.000010 0.999970 0.000010
0.000010 0.000010 0.999970 0.000010
0.000010 0.000010 0.999970 0.000010
0.000010 0.000010 0.999970 0.000010
0.000010 0.000010 0.999970 0.000010
0.000010 0.000010 0.999970 0.000010
0.000010 0.000010 0.999970 0.000010
0.000010 0.000010 0.999970 0.000010
0.000010 0.000010 0.999970 0.000010
0.000010 0.000010 0.999970 0.000010
0.000010 0.000010 0.999970 0.000010
0.000010 0.000010 0.999970 0.000010
0.000010 0.000010 0.999970 0.000010
0.000010 0.000010 0.999970 0.000010
0.000010 0.000010 0.999970 0.000010
0.000010 0.000010 0.999970 0.000010
0.000010 0.000010 0.999970 0.000010
0.000010 0.000010 0.999970 0.000010
0.000010 0.000010 0.999970 0.000010
0.000010 0.000010 0.999970 0.000010
0.000010 0.000010 0.999970 0.000010
0.000010 0.000010 0.999970 0.000010
0.000010 0.000010 0.999970 0.000010
0.000010 0.000010 0.999970 0.000010
0.000010 0.000010 0.999970 0.000010
0.000010 0.000010 0.982790 0.017190
0.000010 0.000010 0.999970 0.000010
0.000010 0.000010 0.999970 0.000010
0.000010 0.000010 0.999970 0.000010
0.000010 0.000010 0.999970 0.000010
0.000010 0.000010 0.999970 0.000010
0.000010 0.000010 0.999970 0.000010
0.000010 0.000010 0.999970 0.000010
0.000010 0.000010 0.999970 0.000010
0.000010 0.000010 0.999970 0.000010
0.000010 0.000010 0.999970 0.000010
0.000010 0.000010 0.999970 0.000010
0.000010 0.000010 0.999970 0.000010
0.000010 0.000010 0.999970 0.000010
0.000010 0.000010 0.999970 0.000010
0.000010 0.000010 0.999970 0.000010
0.000010 0.000010 0.999970 0.000010
0.000010 0.000010 0.999970 0.000010
0.000010 0.000010 0.999970 0.000010
0.000010 0.000010 0.999970 0.000010
0.000010 0.000010 0.999970 0.000010
0.000010 0.000010 0.999970 0.000010
0.000010 0.000010 0.999970 0.000010
0.000010 0.000010 0.999970 0.000010
0.000010 0.000010 0.999970 0.000010
0.000010 0.000010 0.999970 0.000010
0.000010 0.000010 0.999970 0.000010
0.000010 0.000010 0.999970 0.000010
0.000010 0.000010 0.999970 0.000010
0.000010 0.000010 0.999970 0.000010
0.000010 0.000010 0.999970 0.000010
0.000010 0.000010 0.999970 0.000010
0.000010 0.000010 0.999970 0.000010
0.000010 0.000010 0.999970 0.000010
0.000010 0.000010 0.999970 0.000010
0.000010 0.000010 0.999970 0.000010
0.000010 0.000010 0.999970 0.000010
0.000010 0.000010 0.999970 0.000010
0.000010 0.000010 0.999970 0.000010
0.000010 0.000010 0.999970 0.000010
0.000010 0.000010 0.999970 0.000010
0.000010 0.000010 0.999970 0.000010
0.000010 0.000010 0.999970 0.000010
0.000010 0.000010 0.999970 0.000010
0.000010 0.000010 0.999970 0.000010
0.000010 0.000010 0.999970 0.000010
0.000010 0.000010 0.999970 0.000010
0.201888 0.024010 0.642020 0.132082
0.046491 0.012253 0.015056 0.926200
0.195405 0.033138 0.032498 0.738959
0.199515 0.063075 0.056322 0.681088
0.175413 0.088540 0.042582 0.693465
0.446012 0.088641 0.060404 0.404943
0.246580 0.057390 0.049369 0.646661
0.449531 0.123650 0.047884 0.378936
0.294149 0.039423 0.017548 0.648880
0.368536 0.099020 0.046086 0.486358
0.426256 0.172180 0.063430 0.338134
0.392588 0.117829 0.054408 0.435174
0.223442 0.096711 0.023068 0.656778
0.366873 0.100896 0.044835 0.487396
0.249112 0.041129 0.035273 0.674487
0.176182 0.030646 0.071909 0.721263
0.034352 0.003907 0.027056 0.934686
0.468921 0.115174 0.047298 0.368607
0.376993 0.103495 0.013614 0.505897
0.206622 0.075608 0.009565 0.708205
0.006783 0.000010 0.812547 0.180659
0.023950 0.002389 0.825874 0.147787
0.000010 0.001236 0.835597 0.163157
0.002438 0.003785 0.834462 0.159315
0.000010 0.015116 0.706267 0.278607
0.002365 0.000184 0.875989 0.121463
0.009781 0.000010 0.872141 0.118068
0.000011 0.000010 0.716651 0.283327
0.423479 0.112975 0.049403 0.414143
0.425630 0.157125 0.037245 0.380001
0.317217 0.085300 0.062446 0.535037
0.513177 0.132625 0.039119 0.315078
0.399820 0.061757 0.047260 0.491162
0.385058 0.098860 0.082002 0.434079
0.266585 0.075384 0.040192 0.617839
0.471301 0.143134 0.006132 0.379433
0.681283 0.247506 0.000010 0.071200
0.689170 0.209534 0.000010 0.101286
0.785647 0.194744 0.000010 0.019599
0.823445 0.144764 0.000010 0.031781
0.489186 0.142259 0.007430 0.361126
0.695452 0.151621 0.008252 0.144676
0.592914 0.164497 0.022818 0.219771
0.700908 0.137841 0.000010 0.161241
0.585596 0.098378 0.019664 0.296362
0.397222 0.114211 0.027143 0.461425
0.339347 0.031898 0.042383 0.586372
0.223818 0.051958 0.035873 0.688352
0.384205 0.119629 0.026520 0.469646
0.521436 0.149158 0.040329 0.289076
0.364525 0.109285 0.069409 0.456781
0.550165 0.217076 0.003515 0.229244
0.546762 0.182942 0.023404 0.246892
0.429492 0.103495 0.057862 0.409152
0.444066 0.164148 0.058882 0.332904
0.292642 0.085387 0.050642 0.571329
0.340434 0.054884 0.051680 0.553002
0.413248 0.080516 0.041838 0.464397
0.289116 0.082241 0.025577 0.603066
0.429231 0.049545 0.050914 0.470310
0.300722 0.147759 0.099745 0.451774
0.338895 0.089607 0.085052 0.486446
0.224123 0.078349 0.038898 0.658631
0.251209 0.107965 0.038617 0.602209
0.299114 0.135375 0.064659 0.500852
0.510322 0.206209 0.000010 0.283459
0.535793 0.141285 0.040863 0.282059
0.425835 0.138272 0.030151 0.405742
0.479261 0.159375 0.041219 0.320145
0.314294 0.120702 0.071749 0.493254
0.266537 0.060190 0.059024 0.614249
0.221756 0.075343 0.032404 0.670496
0.335852 0.126122 0.063423 0.474603
0.012401 0.000652 0.716559 0.270388
0.013046 0.002215 0.715165 0.269575
0.000116 0.000010 0.739030 0.260844
0.000010 0.004599 0.828758 0.166634
0.000010 0.004761 0.809455 0.185774
0.015318 0.000010 0.894951 0.089721
0.000010 0.003031 0.819015 0.177945
0.008064 0.000010 0.871023 0.120903
0.025516 0.007349 0.852979 0.114156
0.015796 0.000010 0.835964 0.148230
0.000010 0.001103 0.688979 0.309908
0.000010 0.000010 0.873686 0.126294
0.008629 0.000010 0.887689 0.103673
0.000010 0.000010 0.894439 0.105541
0.063512 0.032700 0.564621 0.339167
0.014579 0.000010 0.700960 0.284451
0.002244 0.000010 0.607745 0.390001
0.000010 0.006031 0.861700 0.132259
0.007894 0.002549 0.845308 0.144249
0.009599 0.000010 0.697051 0.293341
0.004610 0.000010 0.894150 0.101230
0.350879 0.109498 0.309214 0.230409
0.008231 0.000010 0.795665 0.196094
0.000010 0.000010 0.476148 0.523832
0.000010 0.001705 0.824459 0.173826
0.014885 0.004165 0.718447 0.262504
0.000010 0.007766 0.817486 0.174738
0.001893 0.000010 0.771652 0.226446
0.000276 0.001408 0.967340 0.030976
0.006638 0.000010 0.856290 0.137062
0.000010 0.015694 0.763724 0.220572
0.014884 0.005761 0.914042 0.065313
0.310203 0.111406 0.416065 0.162326
0.458855 0.176104 0.000010 0.365031
0.000010 0.002348 0.691880 0.305762
0.013315 0.019032 0.703463 0.264190
0.007352 0.013492 0.867329 0.111828
0.000010 0.009544 0.750576 0.239869
0.003402 0.003091 0.772847 0.220661
0.001562 0.000010 0.644384 0.354044
0.033947 0.013244 0.860293 0.092516
0.012294 0.000660 0.823662 0.163384
0.005945 0.011513 0.603643 0.378899
0.022342 0.000109 0.830463 0.147086
0.006831 0.002648 0.828895 0.161626
0.007835 0.005601 0.646547 0.340017
0.001933 0.000010 0.819385 0.178672
0.004633 0.000010 0.857441 0.137916
0.010028 0.004779 0.878812 0.106381
0.000010 0.009712 0.742391 0.247887
0.008074 0.000010 0.758520 0.233396
0.036915 0.005460 0.749114 0.208512
