0.890433 0.093937 0.015620 0.000010
0.918058 0.000010 0.000010 0.081922
0.836059 0.163921 0.000010 0.000010
0.911322 0.088658 0.000010 0.000010
0.999970 0.000010 0.000010 0.000010
0.999970 0.000010 0.000010 0.000010
0.809497 0.190483 0.000010 0.000010
0.689513 0.042892 0.000010 0.267585
0.771632 0.228348 0.000010 0.000010
0.999967 0.000013 0.000010 0.000010
0.946187 0.053793 0.000010 0.000010
0.999970 0.000010 0.000010 0.000010
0.976099 0.000010 0.000010 0.023881
0.913633 0.000015 0.000010 0.086342
0.846193 0.148663 0.000010 0.005134
0.791577 0.100733 0.000010 0.107679
0.768372 0.231608 0.000010 0.000010
0.716769 0.170586 0.000010 0.112635
0.853070 0.146910 0.000010 0.000010
0.777182 0.000010 0.000010 0.222798
0.806305 0.051194 0.000010 0.142490
0.850859 0.149121 0.000010 0.000010
0.999967 0.000013 0.000010 0.000010
0.937303 0.062677 0.000010 0.000010
0.999970 0.000010 0.000010 0.000010
0.893600 0.045675 0.002505 0.058220
0.954308 0.045663 0.000019 0.000010
0.838669 0.161311 0.000010 0.000010
0.937718 0.062262 0.000010 0.000010
0.919394 0.080586 0.000010 0.000010
0.899875 0.100105 0.000010 0.000010
0.886976 0.113004 0.000010 0.000010
0.954115 0.045865 0.000010 0.000010
0.887690 0.112290 0.000010 0.000010
0.858141 0.141839 0.000010 0.000010
0.974144 0.025836 0.000010 0.000010
0.907468 0.092512 0.000010 0.000010
0.940180 0.059800 0.000010 0.000010
0.887781 0.112199 0.000010 0.000010
0.000010 0.999366 0.000010 0.000614
0.000010 0.924139 0.000010 0.075841
0.000010 0.987650 0.000010 0.012330
0.011233 0.934046 0.000010 0.054712
0.093908 0.868171 0.000010 0.037911
0.000010 0.967229 0.000010 0.032751
0.000010 0.934385 0.000010 0.065595
0.000010 0.958110 0.000010 0.041870
0.000010 0.836764 0.000010 0.163216
0.000010 0.929173 0.000010 0.070807
0.000010 0.933014 0.000010 0.066966
0.000010 0.999970 0.000010 0.000010
0.000010 0.999970 0.000010 0.000010
0.000010 0.893741 0.000010 0.106239
0.037819 0.835287 0.000010 0.126883
0.000010 0.999970 0.000010 0.000010
0.014355 0.857690 0.000010 0.127945
0.162994 0.788394 0.000010 0.048601
0.000010 0.999970 0.000010 0.000010
0.000010 0.916545 0.000010 0.083435
0.000010 0.880146 0.000010 0.119834
0.006840 0.772349 0.132155 0.088656
0.000010 0.999970 0.000010 0.000010
0.000010 0.970132 0.000010 0.029848
0.000010 0.999970 0.000010 0.000010
0.000010 0.999970 0.000010 0.000010
0.000010 0.999970 0.000010 0.000010
0.000010 0.999970 0.000010 0.000010
0.000010 0.999970 0.000010 0.000010
0.000010 0.999970 0.000010 0.000010
0.000010 0.999970 0.000010 0.000010
0.000010 0.999970 0.000010 0.000010
0.000010 0.999970 0.000010 0.000010
0.000010 0.999970 0.000010 0.000010
0.000010 0.999970 0.000010 0.000010
0.000010 0.999970 0.000010 0.000010
0.000010 0.999970 0.000010 0.000010
0.000010 0.999970 0.000010 0.000010
0.000010 0.999970 0.000010 0.000010
0.000010 0.999970 0.000010 0.000010
0.000010 0.999970 0.000010 0.000010
0.000010 0.999970 0.000010 0.000010
0.000010 0.999970 0.000010 0.000010
0.000010 0.999970 0.000010 0.000010
0.000010 0.999970 0.000010 0.000010
0.000010 0.999970 0.000010 0.000010
0.000010 0.999970 0.000010 0.000010
0.000010 0.999970 0.000010 0.000010
0.000010 0.999970 0.000010 0.000010
0.111194 0.026085 0.079609 0.783111
0.112024 0.067273 0.181798 0.638906
0.089910 0.013861 0.075753 0.820475
0.085796 0.042250 0.147512 0.724442
0.135521 0.007766 0.164484 0.692229
0.096155 0.001298 0.075648 0.826899
0.092694 0.059193 0.073140 0.774973
0.070079 0.002881 0.009847 0.917193
0.101606 0.010034 0.043482 0.844878
0.164139 0.032513 0.101777 0.701571
0.047949 0.052192 0.054454 0.845406
0.075594 0.021306 0.069986 0.833114
0.031693 0.026435 0.050142 0.891730
0.062633 0.077616 0.115098 0.744652
0.030455 0.025572 0.045586 0.898386
0.133517 0.078603 0.084199 0.703681
0.065352 0.016049 0.079381 0.839218
0.088969 0.049824 0.112307 0.748900
0.086457 0.033525 0.214367 0.665652
0.134301 0.040091 0.215862 0.609746
0.118348 0.043725 0.226024 0.611903
0.104197 0.058822 0.051873 0.785108
0.049096 0.043014 0.120922 0.786968
0.138529 0.011625 0.129875 0.719971
0.033765 0.070758 0.083854 0.811624
0.096426 0.040185 0.056996 0.806393
0.098282 0.028923 0.345465 0.527330
0.109701 0.003501 0.174963 0.711834
0.117762 0.004451 0.068740 0.809047
0.093214 0.038568 0.081309 0.786909
0.110989 0.032028 0.084332 0.772652
0.114708 0.029590 0.039539 0.816163
0.086831 0.032701 0.076707 0.803761
0.125093 0.024017 0.069706 0.781184
0.044226 0.000010 0.084249 0.871515
0.132113 0.038259 0.183424 0.646204
0.079129 0.034959 0.151863 0.734050
0.161364 0.035304 0.087534 0.715797
0.112476 0.034877 0.203819 0.648827
0.140611 0.009052 0.088747 0.761590
0.100914 0.016632 0.115941 0.766514
0.128090 0.055538 0.123735 0.692637
0.074238 0.039841 0.185801 0.700120
0.094524 0.038233 0.138891 0.728352
0.068297 0.045945 0.245363 0.640395
0.062822 0.053837 0.125214 0.758127
0.039799 0.088008 0.111328 0.760865
0.065366 0.072546 0.085505 0.776583
0.081028 0.043183 0.083022 0.792767
0.134852 0.028057 0.140538 0.696553
0.099339 0.017437 0.174690 0.708534
0.067589 0.041132 0.083426 0.807853
0.074960 0.000169 0.077555 0.847316
0.071256 0.038663 0.223708 0.666374
0.032336 0.032133 0.626854 0.308677
0.089403 0.047288 0.119754 0.743555
0.088273 0.054787 0.114546 0.742394
0.054755 0.006296 0.000010 0.938939
0.230460 0.048545 0.000010 0.720986
0.079548 0.015862 0.058374 0.846216
0.215733 0.087748 0.036969 0.659549
0.159287 0.061735 0.065239 0.713739
0.183099 0.103081 0.132023 0.581797
0.168178 0.078591 0.084369 0.668863
0.183119 0.053701 0.052958 0.710221
0.187762 0.047334 0.053649 0.711256
0.134894 0.014653 0.010362 0.840092
0.109058 0.105586 0.114931 0.670424
0.190668 0.072585 0.088528 0.648219
0.229230 0.103209 0.020950 0.646610
0.192703 0.101388 0.174204 0.531705
0.165747 0.090448 0.034531 0.709274
0.203417 0.156464 0.179475 0.460644
0.187163 0.066858 0.040929 0.705050
0.277715 0.148250 0.099555 0.474479
0.106492 0.046855 0.182828 0.663825
0.130270 0.023114 0.096893 0.749723
0.080966 0.032822 0.093568 0.792645
0.096583 0.032015 0.220421 0.650980
0.052570 0.001430 0.024858 0.921143
0.123603 0.033785 0.114938 0.727674
0.081226 0.061994 0.177401 0.679380
0.035382 0.016177 0.055786 0.892655
0.107993 0.010035 0.059548 0.822425
0.096681 0.058458 0.083784 0.761078
0.134784 0.054763 0.066967 0.743486
0.089727 0.061041 0.124423 0.724809
0.122641 0.030100 0.110459 0.736800
0.173784 0.053749 0.182554 0.589913
0.143759 0.062656 0.221479 0.572105
0.133456 0.080919 0.154791 0.630834
0.152242 0.045362 0.092889 0.709508
0.068188 0.062239 0.056729 0.812844
0.105764 0.036694 0.180723 0.676819
0.064202 0.018852 0.037467 0.879479
0.063996 0.054352 0.098280 0.783372
0.106862 0.000010 0.115772 0.777356
0.000010 0.070205 0.681525 0.248260
0.075696 0.000236 0.502486 0.421581
0.129575 0.028895 0.194364 0.647166
0.083589 0.029339 0.109841 0.777231
0.158881 0.137722 0.071230 0.632167
0.209477 0.049825 0.013014 0.727685
0.173494 0.053528 0.042451 0.730527
0.200900 0.082428 0.160893 0.555779
0.169422 0.000010 0.000010 0.830558
0.201142 0.092471 0.000010 0.706376
0.071661 0.043312 0.012882 0.872145
0.155217 0.142081 0.124421 0.578281
0.160943 0.093671 0.067417 0.677969
0.174050 0.062620 0.068713 0.694617
0.209229 0.099382 0.181869 0.509520
0.036680 0.000010 0.000010 0.963300
0.241002 0.109574 0.000010 0.649414
0.174184 0.089955 0.005368 0.730493
0.137985 0.096161 0.028649 0.737206
0.126501 0.089356 0.060524 0.723619
0.117491 0.025098 0.230415 0.626996
0.122529 0.057361 0.103901 0.716208
0.133826 0.048932 0.113378 0.703864
0.122285 0.047297 0.149781 0.680637
0.084582 0.064549 0.232960 0.617909
0.051661 0.028785 0.086941 0.832613
0.064790 0.064021 0.120766 0.750423
0.105476 0.047120 0.106542 0.740862
0.068178 0.019599 0.128755 0.783468
0.131082 0.041593 0.103447 0.723878
0.346616 0.237228 0.000010 0.416146
0.167041 0.046151 0.360966 0.425843
0.253552 0.137466 0.024531 0.584451
0.178295 0.044329 0.048020 0.729356
0.288897 0.088023 0.030347 0.592733
0.264012 0.121333 0.069500 0.545155
0.189200 0.078866 0.006382 0.725551
0.146702 0.031213 0.020343 0.801742
0.118364 0.036692 0.000010 0.844934
0.153306 0.144478 0.054313 0.647903
0.173668 0.095375 0.002445 0.728512
0.150855 0.087385 0.037563 0.724198
0.138902 0.091370 0.059350 0.710379
0.113866 0.107435 0.124572 0.654127
0.192587 0.121376 0.164172 0.521865
0.111506 0.144753 0.156859 0.586883
0.199228 0.052481 0.104589 0.643702
0.340120 0.160833 0.124380 0.374667
0.212358 0.096103 0.028767 0.662773
0.208326 0.057867 0.006821 0.726987
0.166575 0.121100 0.137246 0.575078
0.177206 0.107560 0.101219 0.614015
0.242794 0.126217 0.043904 0.587084
0.174467 0.052883 0.022561 0.750089
0.188741 0.032557 0.048807 0.729895
0.131540 0.000010 0.051058 0.817392
0.211844 0.083201 0.275693 0.429262
0.167440 0.009401 0.166488 0.656671
0.115944 0.011745 0.208160 0.664150
0.069884 0.062347 0.071632 0.796137
0.121319 0.068891 0.163919 0.645871
0.123135 0.037250 0.159498 0.680118
0.140055 0.048709 0.154307 0.656929
0.104899 0.060652 0.173069 0.661380
0.066065 0.039177 0.101192 0.793566
0.143980 0.071619 0.081628 0.702772
0.111807 0.074230 0.138375 0.675588
0.136660 0.028730 0.130311 0.704298
0.214924 0.058283 0.115157 0.611636
0.177736 0.053894 0.021710 0.746660
0.313800 0.195226 0.043210 0.447764
0.044002 0.056964 0.000010 0.899025
0.045455 0.000326 0.000010 0.954209
0.169191 0.056129 0.170420 0.604260
0.207220 0.195618 0.007996 0.589166
0.307085 0.250938 0.050575 0.391402
0.218855 0.066489 0.091208 0.623448
0.172521 0.062504 0.067480 0.697495
0.250818 0.139072 0.029391 0.580719
0.292318 0.095734 0.044724 0.567223
0.226583 0.162996 0.035812 0.574609
0.233824 0.131567 0.175439 0.459170
0.201840 0.100350 0.286682 0.411128
0.189770 0.126387 0.189008 0.494835
0.154075 0.036601 0.000010 0.809315
0.126643 0.050256 0.002821 0.820280
0.107029 0.022057 0.035526 0.835388
0.089067 0.027219 0.023990 0.859723
0.150722 0.108584 0.360345 0.380348
0.191483 0.150863 0.035119 0.622534
0.077162 0.056192 0.157611 0.709035
0.080663 0.030489 0.003401 0.885447
0.125991 0.027871 0.000010 0.846128
0.153116 0.054986 0.011710 0.780188
0.243684 0.166933 0.092611 0.496772
0.227510 0.145677 0.121322 0.505490
0.205857 0.156058 0.038684 0.599401
0.199473 0.122242 0.046550 0.631735
0.139069 0.076058 0.057645 0.727229
0.158974 0.074342 0.370003 0.396681
0.207326 0.102816 0.231366 0.458491
0.192433 0.484569 0.000010 0.322988
0.127910 0.325279 0.002128 0.544683
0.000010 0.654188 0.000010 0.345792
0.000010 0.959078 0.000010 0.040902
0.100409 0.321503 0.064588 0.513500
0.094748 0.499661 0.000010 0.405581
0.000010 0.006807 0.832076 0.161107
0.126081 0.000010 0.579927 0.293982
0.000010 0.000010 0.963985 0.035995
0.000010 0.000010 0.852651 0.147329
0.000010 0.000010 0.937411 0.062569
0.002875 0.003044 0.862049 0.132031
0.014888 0.000010 0.967247 0.017855
0.000010 0.000010 0.857780 0.142200
0.194015 0.532076 0.058897 0.215012
0.138814 0.432756 0.127060 0.301370
0.000010 0.000010 0.911800 0.088180
0.000010 0.009389 0.985298 0.005303
0.000010 0.000010 0.901270 0.098710
0.007714 0.000010 0.840919 0.151357
0.000010 0.002356 0.915486 0.082147
0.007454 0.854054 0.000010 0.138482
0.000010 0.761540 0.000010 0.238440
0.000010 0.999970 0.000010 0.000010
0.168350 0.589582 0.000010 0.242059
0.000010 0.943698 0.000010 0.056282
0.143412 0.566142 0.115941 0.174505
0.039624 0.960356 0.000010 0.000010
0.064559 0.876082 0.000010 0.059349
0.028204 0.759547 0.000010 0.212240
0.201431 0.461635 0.087557 0.249377
0.000010 0.728171 0.000010 0.271809
0.015791 0.634056 0.027029 0.323124
0.170186 0.829794 0.000010 0.000010
0.041158 0.722170 0.000010 0.236661
0.255161 0.548946 0.053449 0.142445
0.129416 0.709380 0.000010 0.161194
0.416099 0.301161 0.034652 0.248089
0.000010 0.768809 0.000010 0.231171
0.217813 0.414517 0.025823 0.341848
0.129737 0.547421 0.181115 0.141726
0.268596 0.599197 0.051300 0.080906
0.326052 0.655882 0.002881 0.015184
0.057883 0.827704 0.000010 0.114403
0.006506 0.902671 0.000010 0.090813
0.005052 0.000010 0.915782 0.079156
0.011190 0.000010 0.842551 0.146248
0.000010 0.999970 0.000010 0.000010
0.218846 0.374473 0.098476 0.308205
0.070975 0.544697 0.000010 0.384318
0.087092 0.879969 0.000010 0.032929
0.034427 0.620153 0.000010 0.345410
0.111062 0.446417 0.148869 0.293652
0.044636 0.772579 0.029522 0.153264
0.274122 0.688354 0.000010 0.037515
0.000010 0.663168 0.000010 0.336812
0.081925 0.697427 0.000010 0.220638
0.000010 0.708520 0.000010 0.291460
0.078663 0.643418 0.030120 0.247800
0.036240 0.741054 0.000010 0.222696
0.002148 0.004002 0.909624 0.084226
0.000010 0.000010 0.864184 0.135796
0.000010 0.000010 0.555457 0.444523
0.009387 0.003933 0.831902 0.154778
0.000010 0.007419 0.921354 0.071217
0.000010 0.734884 0.003431 0.261675
0.158432 0.741191 0.000010 0.100368
0.128370 0.751262 0.000010 0.120358
0.072747 0.722632 0.000010 0.204611
0.000010 0.815120 0.000010 0.184860
0.000010 0.324089 0.371478 0.304423
0.216048 0.616577 0.000010 0.167365
0.000010 0.000010 0.832354 0.167626
0.000010 0.000010 0.840444 0.159536
0.000010 0.000010 0.916404 0.083576
0.000010 0.003881 0.964866 0.031242
0.000010 0.000010 0.857335 0.142645
0.000010 0.004472 0.969623 0.025895
0.000010 0.006469 0.978185 0.015337
0.000010 0.002572 0.926624 0.070795
0.000010 0.000010 0.858040 0.141940
0.005885 0.640401 0.000010 0.353705
0.098104 0.471682 0.114440 0.315773
0.000010 0.005199 0.928283 0.066507
0.093972 0.741474 0.000010 0.164545
0.043909 0.849462 0.000010 0.106619
0.146311 0.793225 0.000010 0.060454
0.006831 0.000010 0.954953 0.038206
0.006403 0.000906 0.824883 0.167808
0.000010 0.003392 0.929145 0.067453
0.000010 0.000010 0.827252 0.172728
0.000010 0.001587 0.929840 0.068563
0.000010 0.879206 0.000010 0.120774
0.044305 0.877499 0.000010 0.078186
0.000010 0.948852 0.000010 0.051128
0.101749 0.545879 0.008233 0.344139
0.000010 0.554786 0.000010 0.445194
0.007940 0.000010 0.914471 0.077579
0.029763 0.001254 0.779934 0.189049
0.000010 0.999970 0.000010 0.000010
0.100681 0.713953 0.000010 0.185356
0.070904 0.706243 0.000010 0.222843
0.000010 0.939837 0.000010 0.060143
0.310316 0.617917 0.000010 0.071757
0.000010 0.999970 0.000010 0.000010
0.000010 0.999970 0.000010 0.000010
0.000388 0.574016 0.265047 0.160548
0.000010 0.961285 0.000010 0.038695
0.159351 0.516808 0.000010 0.323831
0.130484 0.772510 0.000010 0.096996
0.000810 0.000010 0.958895 0.040285
0.000010 0.000010 0.784759 0.215221
0.000010 0.001193 0.787011 0.211786
0.008001 0.000010 0.826545 0.165444
0.110790 0.697572 0.000010 0.191628
0.069165 0.677518 0.000010 0.253307
0.000010 0.980595 0.000010 0.019385
0.000010 0.853389 0.000010 0.146591
0.067107 0.535483 0.000010 0.397400
0.034649 0.825658 0.000010 0.139683
0.045026 0.764572 0.000010 0.190393
0.177820 0.589989 0.051669 0.180522
0.000017 0.000010 0.937978 0.061995
0.000010 0.000010 0.879952 0.120028
0.000010 0.000010 0.883551 0.116429
0.068120 0.556758 0.000010 0.375112
0.000010 0.000010 0.926965 0.073015
0.000010 0.001966 0.866725 0.131299
0.000010 0.000010 0.938818 0.061162
0.000010 0.000010 0.940103 0.059877
0.000010 0.000096 0.873737 0.126157
0.000010 0.000010 0.920887 0.079093
0.000010 0.007520 0.972223 0.020247
0.000010 0.000010 0.879697 0.120283
0.000010 0.000010 0.904788 0.095192
0.000010 0.000010 0.747458 0.252522
0.002246 0.000010 0.864584 0.133160
0.003738 0.000010 0.971078 0.025174
0.000010 0.000010 0.772969 0.227011
0.155983 0.343328 0.082051 0.418638
0.052105 0.773380 0.000010 0.174505
0.000010 0.008121 0.912832 0.079037
0.000010 0.000010 0.576691 0.423289
0.237243 0.330122 0.063118 0.369517
0.003101 0.000010 0.909987 0.086901
0.000010 0.000656 0.908122 0.091213
0.000010 0.004047 0.881727 0.114215
0.000010 0.000010 0.937984 0.061996
0.012243 0.000010 0.979182 0.008565
0.000010 0.005222 0.824547 0.170221
0.000010 0.000010 0.938247 0.061733
0.005165 0.000010 0.915865 0.078961
0.000010 0.004294 0.856379 0.139317
0.000010 0.006427 0.925464 0.068100
0.005353 0.000010 0.915406 0.079232
0.000010 0.006176 0.829643 0.164172
0.000010 0.009564 0.851397 0.139030
0.000010 0.002606 0.908924 0.088460
0.000010 0.008222 0.903204 0.088564
0.000010 0.000010 0.885140 0.114840
0.000010 0.000010 0.727544 0.272436
0.000010 0.005391 0.864793 0.129806
0.000010 0.000010 0.916770 0.083210
0.000010 0.006984 0.944979 0.048027
0.005103 0.000010 0.769657 0.225230
0.015383 0.000010 0.815521 0.169086
0.000010 0.003061 0.896809 0.100120
0.003993 0.000010 0.918399 0.077598
0.000010 0.004445 0.932438 0.063107
0.000010 0.001094 0.805551 0.193345
0.000010 0.004208 0.952321 0.043461
0.000010 0.010071 0.813030 0.176889
0.007286 0.000010 0.903296 0.089409
0.008472 0.000010 0.924330 0.067188
0.000205 0.006916 0.950823 0.042057
0.000010 0.000010 0.885617 0.114363
0.002778 0.007282 0.890228 0.099713
0.004235 0.000010 0.935511 0.060244
0.000010 0.000010 0.891181 0.108799
0.000010 0.001096 0.785261 0.213632
0.000010 0.000010 0.843731 0.156249
0.000010 0.000010 0.000010 0.999970
0.000010 0.000010 0.000010 0.999970
0.000010 0.000010 0.000010 0.999970
0.000010 0.000010 0.000010 0.999970
0.000010 0.000010 0.000010 0.999970
0.000010 0.000010 0.000010 0.999970
0.000010 0.000010 0.000010 0.999970
0.000010 0.000010 0.000010 0.999970
0.000010 0.000010 0.000010 0.999970
0.000010 0.000010 0.000010 0.999970
0.000010 0.000010 0.000010 0.999970
0.000010 0.000010 0.000010 0.999970
0.000010 0.000010 0.000010 0.999970
0.000010 0.000010 0.000010 0.999970
0.000010 0.000010 0.000010 0.999970
0.000010 0.000010 0.000010 0.999970
0.000010 0.000010 0.000010 0.999970
0.000010 0.000010 0.000010 0.999970
0.000010 0.004539 0.000010 0.995441
0.000010 0.000010 0.000010 0.999970
0.000010 0.001379 0.000010 0.998601
0.000010 0.000010 0.000010 0.999970
0.000010 0.000010 0.000010 0.999970
0.000010 0.000010 0.000010 0.999970
0.001929 0.000010 0.000010 0.998051
0.000010 0.000010 0.000010 0.999970
0.000010 0.000010 0.000010 0.999970
0.000010 0.000010 0.000010 0.999970
0.000010 0.000010 0.000010 0.999970
0.000010 0.000010 0.000010 0.999970
0.000010 0.000010 0.000010 0.999970
0.000010 0.000010 0.000010 0.999970
0.000010 0.000010 0.000010 0.999970
0.000010 0.000010 0.000010 0.999970
0.000010 0.000010 0.000010 0.999970
0.000010 0.000010 0.000010 0.999970
0.000010 0.000010 0.000010 0.999970
0.000010 0.000010 0.000010 0.999970
0.000010 0.000010 0.000010 0.999970
0.000010 0.000010 0.000010 0.999970
0.000010 0.000493 0.000010 0.999487
0.000010 0.003501 0.000010 0.996479
0.000010 0.000010 0.000010 0.999970
0.000010 0.000010 0.000010 0.999970
0.000010 0.000010 0.000010 0.999970
0.000010 0.000010 0.000010 0.999970
0.000010 0.000010 0.000010 0.999970
0.000010 0.000010 0.000010 0.999970
0.000010 0.005900 0.000010 0.994080
0.000010 0.000010 0.000010 0.999970
0.000010 0.000010 0.000010 0.999970
0.000010 0.006747 0.000010 0.993233
0.000010 0.000010 0.000010 0.999970
0.000010 0.000010 0.000010 0.999970
0.000010 0.007782 0.000010 0.992198
0.000010 0.000010 0.000010 0.999970
0.000010 0.000010 0.000010 0.999970
0.000010 0.000010 0.000010 0.999970
0.000010 0.000010 0.000010 0.999970
0.000018 0.000010 0.000010 0.999962
0.009467 0.000010 0.000010 0.990513
0.000010 0.000010 0.000010 0.999970
0.000010 0.000010 0.000010 0.999970
0.000010 0.000010 0.000010 0.999970
0.003867 0.008717 0.000010 0.987406
0.000010 0.000010 0.000010 0.999970
0.000010 0.000010 0.000010 0.999970
0.000010 0.000010 0.000010 0.999970
0.000010 0.000010 0.000010 0.999970
0.000010 0.000010 0.000010 0.999970
0.000010 0.000010 0.000010 0.999970
0.000010 0.000010 0.000010 0.999970
0.000010 0.000010 0.000010 0.999970
0.000010 0.000010 0.000010 0.999970
0.000010 0.000010 0.000010 0.999970
0.000010 0.000010 0.000010 0.999970
0.000010 0.000010 0.000010 0.999970
0.000014 0.000010 0.000010 0.999966
0.000010 0.000010 0.000010 0.999970
0.000010 0.000010 0.000010 0.999970
0.000010 0.010449 0.000010 0.989531
0.000010 0.000010 0.000010 0.999970
0.000010 0.003956 0.000010 0.996024
0.000010 0.000010 0.000010 0.999970
0.000010 0.000010 0.000010 0.999970
0.000010 0.000010 0.000010 0.999970
0.000010 0.000010 0.000010 0.999970
0.000010 0.000010 0.000010 0.999970
0.000010 0.001127 0.000010 0.998853
0.000010 0.000805 0.000010 0.999175
0.000010 0.000010 0.000010 0.999970
0.000010 0.000010 0.000010 0.999970
0.000010 0.000010 0.000010 0.999970
0.000010 0.000010 0.000010 0.999970
0.000010 0.000010 0.000010 0.999970
0.000010 0.000010 0.000010 0.999970
0.000010 0.000010 0.000010 0.999970
0.000010 0.000010 0.000010 0.999970
0.000010 0.000010 0.000010 0.999970
0.000010 0.000010 0.999970 0.000010
0.000010 0.000010 0.999970 0.000010
0.000010 0.000010 0.999970 0.000010
0.000010 0.000959 0.999021 0.000010
0.000010 0.000010 0.999970 0.000010
0.000010 0.000010 0.999970 0.000010
0.000010 0.000010 0.999970 0.000010
0.000010 0.000010 0.999970 0.000010
0.000010 0.000010 0.999970 0.000010
0.000010 0.000010 0.999970 0.000010
0.000010 0.000010 0.999970 0.000010
0.000010 0.000010 0.999970 0.000010
0.000010 0.000010 0.999970 0.000010
0.000010 0.000010 0.999970 0.000010
0.000010 0.000010 0.999970 0.000010
0.000010 0.000010 0.999970 0.000010
0.000010 0.000010 0.999970 0.000010
0.000010 0.000010 0.999970 0.000010
0.000010 0.000010 0.999970 0.000010
0.000010 0.000010 0.999970 0.000010
0.000010 0.000010 0.999970 0.000010
0.000010 0.000010 0.999970 0.000010
0.000010 0.000010 0.999970 0.000010
0.000010 0.000346 0.999634 0.000010
0.000010 0.000010 0.999970 0.000010
0.000580 0.000010 0.999400 0.000010
0.000010 0.000010 0.999970 0.000010
0.000010 0.000010 0.999970 0.000010
0.000010 0.000010 0.999970 0.000010
0.000010 0.000010 0.999970 0.000010
0.000010 0.000010 0.999970 0.000010
0.000010 0.000010 0.999970 0.000010
0.000010 0.000010 0.999970 0.000010
0.000010 0.000010 0.999970 0.000010
0.000010 0.000010 0.999970 0.000010
0.000012 0.000010 0.999968 0.000010
0.000010 0.000010 0.999970 0.000010
0.000010 0.000010 0.999970 0.000010
0.000010 0.000010 0.999970 0.000010
0.000010 0.003143 0.996837 0.000010
0.000010 0.000010 0.999970 0.000010
0.000010 0.000010 0.999970 0.000010
0.000010 0.000010 0.999970 0.000010
0.000010 0.000010 0.999970 0.000010
0.000010 0.000010 0.999970 0.000010
0.000010 0.000010 0.999970 0.000010
0.000010 0.000010 0.999970 0.000010
0.000010 0.000010 0.999970 0.000010
0.000010 0.000010 0.999970 0.000010
0.000010 0.000010 0.999970 0.000010
0.000010 0.000010 0.999970 0.000010
0.000010 0.000010 0.999970 0.000010
0.000010 0.000010 0.999970 0.000010
0.000010 0.000010 0.999970 0.000010
0.000010 0.000010 0.999970 0.000010
0.000010 0.000010 0.999970 0.000010
0.001826 0.002593 0.995571 0.000010
0.000010 0.000010 0.999970 0.000010
0.000010 0.000010 0.999970 0.000010
0.000010 0.000010 0.999970 0.000010
0.000010 0.000010 0.999970 0.000010
0.000010 0.008308 0.990451 0.001231
0.000010 0.000010 0.999970 0.000010
0.000010 0.000010 0.999970 0.000010
0.000010 0.000010 0.999970 0.000010
0.000010 0.000010 0.999970 0.000010
0.000010 0.000010 0.999970 0.000010
0.000010 0.000010 0.999970 0.000010
0.000010 0.000010 0.999970 0.000010
0.000010 0.000010 0.999970 0.000010
0.000010 0.000010 0.999970 0.000010
0.000010 0.000010 0.999970 0.000010
0.000010 0.000010 0.999970 0.000010
0.000010 0.000010 0.999970 0.000010
0.000010 0.000010 0.999970 0.000010
0.000010 0.000010 0.999970 0.000010
0.000010 0.000010 0.999970 0.000010
0.000010 0.000454 0.999526 0.000010
0.000010 0.000010 0.999970 0.000010
0.000010 0.000010 0.999970 0.000010
0.000010 0.000010 0.999970 0.000010
0.000010 0.000010 0.999970 0.000010
0.000010 0.000010 0.999970 0.000010
0.000010 0.000010 0.999970 0.000010
0.000011 0.000010 0.999969 0.000010
0.000010 0.000010 0.999970 0.000010
0.000010 0.000015 0.999965 0.000010
0.000010 0.000010 0.999970 0.000010
0.000010 0.000010 0.999970 0.000010
0.000010 0.000010 0.999970 0.000010
0.000010 0.000010 0.999970 0.000010
0.000010 0.000010 0.999970 0.000010
0.000010 0.000010 0.999970 0.000010
0.000010 0.000010 0.999970 0.000010
0.000010 0.000010 0.999970 0.000010
0.000010 0.000010 0.999970 0.000010
0.000010 0.000010 0.999970 0.000010
0.000010 0.000010 0.999970 0.000010
0.000010 0.000010 0.999970 0.000010
0.000010 0.000010 0.999970 0.000010
0.000010 0.000010 0.999970 0.000010
0.000010 0.000010 0.999970 0.000010
0.000010 0.000010 0.999970 0.000010
0.000010 0.000010 0.999970 0.000010
0.000010 0.000010 0.999970 0.000010
0.000010 0.000010 0.999970 0.000010
0.000010 0.000010 0.999970 0.000010
0.000010 0.000010 0.999970 0.000010
0.225638 0.000010 0.641222 0.133130
0.070231 0.000010 0.000010 0.929749
0.199383 0.017492 0.028156 0.754968
0.233350 0.021170 0.055314 0.690166
0.198416 0.069386 0.043749 0.688449
0.505548 0.047019 0.046513 0.400920
0.259001 0.049684 0.038460 0.652855
0.545470 0.040845 0.038443 0.375243
0.337495 0.000010 0.023040 0.639454
0.422193 0.063531 0.036433 0.477843
0.508526 0.095276 0.055330 0.340867
0.414360 0.086587 0.054281 0.444772
0.263621 0.065251 0.022118 0.649010
0.414518 0.056020 0.041605 0.487857
0.282778 0.021906 0.035003 0.660313
0.209612 0.000010 0.064900 0.725477
0.043101 0.000010 0.023266 0.933622
0.493875 0.097498 0.039327 0.369300
0.458738 0.041279 0.000824 0.499160
0.241064 0.051560 0.000010 0.707365
0.000010 0.012736 0.810372 0.176883
0.030690 0.003300 0.826905 0.139105
0.000010 0.000010 0.826811 0.173169
0.001452 0.002726 0.828146 0.167676
0.000010 0.015476 0.715611 0.268902
0.012928 0.000010 0.876220 0.110842
0.008425 0.002331 0.869324 0.119920
0.000010 0.000010 0.717035 0.282945
0.526299 0.020840 0.040891 0.411970
0.506077 0.085358 0.036903 0.371662
0.406200 0.006290 0.059829 0.527682
0.610422 0.048818 0.034422 0.306338
0.417970 0.043726 0.044362 0.493942
0.403065 0.098149 0.076480 0.422306
0.333378 0.017992 0.035862 0.612768
0.548111 0.079533 0.000010 0.372346
0.777569 0.167100 0.000010 0.055321
0.789248 0.111629 0.000010 0.099114
0.936793 0.063187 0.000010 0.000010
0.946228 0.048774 0.000010 0.004989
0.577083 0.068381 0.000010 0.354526
0.802780 0.050718 0.000010 0.146492
0.694047 0.079104 0.000010 0.226840
0.799570 0.045633 0.000010 0.154787
0.700568 0.000010 0.005689 0.293733
0.480959 0.048185 0.019520 0.451336
0.365262 0.012999 0.047379 0.574359
0.274438 0.004327 0.039011 0.682224
0.442501 0.054143 0.019108 0.484248
0.586494 0.091779 0.036081 0.285645
0.427451 0.051170 0.061435 0.459944
0.650731 0.117966 0.000010 0.231293
0.657598 0.085177 0.000010 0.257215
0.474828 0.065869 0.050420 0.408883
0.537266 0.075846 0.053536 0.333352
0.328117 0.058486 0.046900 0.566497
0.370692 0.019445 0.050161 0.559703
0.480500 0.015175 0.039091 0.465234
0.381021 0.000010 0.018737 0.600232
0.487854 0.001127 0.055540 0.455479
0.360724 0.100244 0.094384 0.444648
0.381626 0.039462 0.081567 0.497345
0.271034 0.030760 0.039948 0.658258
0.269095 0.090031 0.031377 0.609497
0.319823 0.120084 0.061516 0.498576
0.585659 0.136959 0.000010 0.277371
0.603373 0.069595 0.034497 0.292535
0.479886 0.098152 0.025535 0.396427
0.554220 0.090654 0.028211 0.326915
0.341160 0.098239 0.069435 0.491166
0.274148 0.040965 0.061383 0.623504
0.285875 0.026298 0.030595 0.657231
0.394874 0.083325 0.058356 0.463445
0.000010 0.012164 0.711475 0.276351
0.000010 0.009987 0.704850 0.285153
0.000010 0.002259 0.740177 0.257554
0.000010 0.000010 0.834218 0.165762
0.000010 0.011304 0.809756 0.178930
0.020045 0.000010 0.890139 0.089806
0.000010 0.000010 0.814146 0.185834
0.003207 0.000010 0.868977 0.127806
0.036818 0.000010 0.854780 0.108391
0.015734 0.000010 0.826211 0.158045
0.000010 0.009097 0.695956 0.294937
0.001851 0.000010 0.874144 0.123995
0.013630 0.000010 0.896389 0.089972
0.000010 0.006582 0.883629 0.109779
0.082480 0.020649 0.553301 0.343569
0.013460 0.000010 0.704376 0.282154
0.002120 0.000010 0.612594 0.385275
0.000010 0.012904 0.854831 0.132255
0.000010 0.008696 0.845923 0.145371
0.000010 0.007227 0.696659 0.296104
0.000010 0.000010 0.892020 0.107960
0.392491 0.065894 0.302776 0.238840
0.006578 0.000010 0.792796 0.200616
0.000010 0.002491 0.477169 0.520330
0.000010 0.000010 0.817114 0.182866
0.000010 0.007604 0.717168 0.275217
0.004836 0.005445 0.824493 0.165225
0.006061 0.000010 0.768620 0.225309
0.000010 0.000010 0.966082 0.033898
0.000010 0.008793 0.859605 0.131592
0.008756 0.004637 0.768422 0.218185
0.000480 0.021794 0.916977 0.060750
0.364051 0.074006 0.411664 0.150279
0.529280 0.121892 0.000010 0.348817
0.000010 0.003924 0.690727 0.305339
0.031931 0.008375 0.695149 0.264545
0.000010 0.015805 0.876654 0.107531
0.000010 0.007465 0.762502 0.230023
0.000010 0.009220 0.768662 0.222108
0.000010 0.000289 0.631834 0.367867
0.034847 0.011283 0.861818 0.092051
0.000010 0.010170 0.823370 0.166450
0.020773 0.000010 0.599951 0.379266
0.024476 0.000010 0.830177 0.145336
0.007780 0.000010 0.828531 0.163678
0.010579 0.000010 0.641512 0.347899
0.000010 0.001014 0.813070 0.185906
0.008596 0.000010 0.850863 0.140532
0.000010 0.009227 0.871902 0.118861
0.007728 0.000010 0.759691 0.232571
0.006242 0.000010 0.770854 0.222894
0.031673 0.003502 0.742550 0.222275
